20 1276 3.0E-9
39 5093 1.0E-9
58 16377 4.0E-9
78 48361 1.1E-8
98 140210 4.1E-8
118 234120 2.5E-8
132 329695 2.6E-8
156 603584 5.0E-8
172 879537 4.8E-8
193 1159696 4.7E-8
214 1970534 8.4E-8
229 2782230 7.8E-8
253 3600139 9.9E-8
276 4423493 8.1E-8
292 5250822 7.8E-8
309 6077326 8.3E-8
328 8498699 2.48E-7
348 10926678 2.2E-7
366 13356052 2.54E-7
395 15798008 2.23E-7
411 18245775 2.72E-7
427 20695732 2.24E-7
454 23153663 2.67E-7
466 25612218 2.33E-7
491 32851555 6.71E-7
507 40092593 6.7E-7
527 47345400 6.56E-7
548 54599524 6.88E-7
560 61865315 6.65E-7
592 69136293 7.01E-7
598 76415359 6.63E-7
620 83704817 6.61E-7
634 91010760 6.8E-7
659 98317222 6.69E-7
681 105636338 6.85E-7
698 112946313 6.48E-7
717 134600281 1.96E-6
738 156260861 2.145E-6
