13278
40749
68984
3627
53657
25421
93627
78897
40705
19284
75532
92044
75051
94013
70637
50398
31340
89081
39988
55123
20098
53839
26497
20971
41696
37760
59489
71053
74540
71457
96010
93060
30309
56997
25144
8314
77944
65022
6993
23066
85045
18310
91515
2685
50426
26684
64077
33682
4815
26536
94354
15943
38034
69743
23134
58130
70442
1391
7599
32904
24058
63459
59844
85412
64473
62506
55646
78446
78526
43409
60934
752
24682
18318
21929
61134
43156
10266
91591
40336
41038
84224
19795
75119
74032
54921
17564
4513
30898
80373
16718
16924
89260
72799
85483
98586
52202
84503
27846
98780
93885
55300
89899
95342
39422
40188
19912
65128
79318
71222
80564
38454
72034
45922
91518
43959
19550
76078
88469
30900
10295
75390
20799
89597
11416
12193
74150
77536
58055
4354
96506
98601
31172
87458
26788
75971
37416
44513
73498
5393
4653
45657
67605
74875
84959
9755
18671
89283
13273
66233
36083
43871
4333
65171
38346
49509
83148
56398
62513
24136
34970
34229
3116
29947
29580
23476
55403
53875
21668
64506
11178
118
54197
40363
57238
87782
94845
77352
56162
24150
16997
41998
47132
54655
96191
51895
90483
74322
30563
15746
93874
22277
9515
18761
207
70830
48723
73562
87881
63737
81531
63918
32472
54430
46911
18846
5590
44298
42363
68012
41475
23581
16502
45872
84778
72975
60526
31607
44018
92743
20382
34679
14360
87963
92150
61703
665
53457
82020
29323
67143
70035
9216
19941
63495
44862
5308
12367
29087
3081
16572
57860
56481
65277
47437
13518
3559
25901
92478
89624
79510
81501
92067
15283
94118
44409
12471
77591
52056
17456
95068
43550
94330
98389
41296
31119
37520
28829
82
55972
38144
1929
2673
44006
14264
95346
46194
66053
89330
1690
61677
20947
84339
87316
14953
65825
73502
22141
79474
68402
35931
88095
89024
35008
81245
91909
25206
50262
545
79101
19738
49532
95854
70370
54766
33711
70927
19023
25790
27331
24204
18640
91242
75673
70765
73874
70371
74287
34268
84091
66801
25218
92153
79509
88985
18213
27799
92542
10753
42353
41862
43273
65220
43774
1683
67265
93599
58543
62418
16396
76745
66231
76497
18937
61791
29398
19003
93797
58786
6902
95765
75695
22995
54883
68206
22917
57364
58225
24445
47422
66613
67459
49624
28238
69541
51320
157
43400
29326
13535
66338
83125
92959
63938
15663
87498
40437
78636
45283
85620
31915
31688
36121
99994
6759
31663
93516
19850
32269
50427
79627
40213
21840
88642
91406
9664
42411
82719
14560
29092
9261
21351
88764
96165
22595
6232
52243
95823
34799
61225
94919
95760
49867
66984
38444
17725
47206
73907
78762
20371
90884
25315
72216
47464
32369
4866
19776
66461
39864
7483
5618
46777
90628
21442
76061
4493
43953
769
2801
70843
72004
1735
60375
25488
63263
54985
62004
72427
29111
45709
40200
26299
37849
78280
28953
19948
72518
8913
2862
40256
58893
40125
55194
48616
38319
84208
51702
44825
66355
19371
79865
88764
2687
81883
24331
2907
20370
60278
38431
40529
3170
83563
48973
19428
18635
24395
26893
89016
51493
70286
79913
19867
57070
51188
74983
79088
47646
50155
78080
82342
56017
65307
6874
93918
30002
35940
27752
79917
99228
93374
92904
6459
21250
48029
5430
14756
57923
78197
20840
97944
54893
43125
41874
50774
97184
3287
40195
62587
92095
94061
43329
76411
86933
65582
58113
42609
63619
71140
62949
54194
64777
59248
90341
62731
96644
391
38442
38703
22989
58477
95796
58276
11212
99115
36943
69591
16864
12140
48253
16024
96080
14130
73137
71309
16750
88218
23658
71961
98731
13096
91652
16161
50993
30871
6592
35049
89326
4316
29720
32332
12075
18061
44398
31176
83345
85395
1143
63540
23209
32603
2484
86422
32698
46156
67565
11946
87653
84542
99316
93766
20060
76202
88070
20959
68008
47744
24631
32402
16203
52514
63128
79578
67773
98599
69360
33777
85088
7469
13889
54925
12419
69708
20806
13511
46480
2682
62860
84586
52236
56470
1570
13332
30855
59050
6963
85419
34243
39438
55746
22165
86371
18400
99002
60466
15403
10346
10914
70524
22648
37118
78552
10601
14420
14696
69425
17331
1148
37160
18276
82569
24388
48794
7512
73327
6904
64837
76704
10039
33541
74122
85731
30191
61367
32754
73466
29333
26390
36948
99253
89522
61141
45307
28024
76450
62499
6052
21522
10826
52369
33111
27887
97036
55166
66463
19796
22635
75529
46774
17348
25953
97286
32106
46078
65914
40423
85380
22748
18056
6645
65232
31971
63891
16100
60098
55290
36850
87925
15542
40946
37443
45505
18288
57404
32653
33679
16874
56567
10193
19598
78499
83698
66905
11542
4371
10168
72443
70722
51764
32496
64268
9942
39985
76506
98103
69976
49558
68987
99154
39585
59245
90907
33729
38372
3829
5991
48329
12963
77152
66414
3847
6523
49488
33371
66221
49176
16104
14460
1664
82649
44742
12097
64584
76301
43740
97579
59337
13644
29670
73978
3155
28609
33592
67664
16930
48989
48426
93084
22940
60863
86437
68302
34197
42268
85459
19864
78780
26988
75238
4688
14330
50049
91150
93988
52825
95361
1567
9637
33824
12907
97244
76912
55563
98001
76399
59220
97587
28337
47479
70204
46056
35909
63170
16521
63443
50349
93789
10622
27993
87841
45980
7045
5169
75476
33491
57978
3237
94763
10849
54295
8196
99997
87826
16795
89479
17265
52902
29011
17133
58109
47259
57777
33657
88197
47378
90620
79235
75841
33922
30102
77767
7790
47353
24383
52972
449
56595
80562
58717
53527
96076
2775
75833
90082
58608
20553
48863
2037
66792
24598
10494
73465
84066
6945
68862
85268
67957
10355
13517
14382
12776
27842
29484
28209
76727
57397
95698
40709
39273
9238
84035
40434
88625
83351
68208
22769
96339
83600
98011
58713
96252
11358
93684
10786
48392
86389
67645
62984
34960
75627
86381
66174
5157
71525
43971
12922
58356
50818
30565
46465
30986
61821
44053
77399
31545
33786
11241
28609
50234
75407
56025
54077
54990
31178
76402
80428
74079
94142
69566
1411
56881
31424
74910
14990
99169
65046
88474
30330
16911
64610
39153
87659
53498
50763
6955
27857
9346
78777
6639
20597
89887
70061
56286
9930
78276
86143
99634
64477
52479
94402
53485
25695
82939
57762
7024
32175
66622
91582
8629
60542
76017
70152
37502
64209
27539
32469
72461
10137
2778
32397
38249
10680
88177
1841
30928
22719
33974
47228
98245
39500
71616
79356
78290
31942
70366
84627
80334
5655
58442
81652
25435
27502
81790
71439
51202
41270
24467
81609
25057
35840
68624
25530
3406
51259
29182
45777
20312
8169
58582
87991
88580
24303
80344
55991
48619
38098
76690
31917
5983
93932
25085
6189
57230
56120
51367
51266
15502
9485
42924
90440
12213
73225
44479
58321
69275
1695
41086
23219
7492
70906
18263
43264
81061
52680
77510
57912
5581
59824
77018
74382
77498
5099
61943
94601
66657
54397
46446
42423
397
70241
10499
93119
47608
35578
78536
77612
54206
19809
54091
32403
77695
99090
94882
92843
17784
71171
26111
82157
42479
11380
6326
31566
64636
834
79755
77846
32643
20560
71818
23886
60734
45919
10388
15022
39351
94601
84374
79385
34075
78390
83328
4020
2791
84045
97041
70181
35118
61815
92455
51017
45536
31501
26743
82748
32232
25411
19
56487
47369
75185
98904
42008
11303
15152
33052
47056
43207
18781
20740
36202
73637
6696
36764
81777
50765
64884
96114
96079
51302
89902
10323
98848
59612
34275
19833
6887
84047
59700
75401
93769
38243
18329
14290
56710
26940
73078
52880
44980
40813
36779
96339
49650
82871
56960
48115
27970
20189
98139
87282
37377
79041
76730
70127
83889
78931
85025
3882
47556
31613
171
35144
33678
14870
11658
93261
12673
67622
16590
29849
53721
42910
25798
99611
27778
98326
95891
34755
54044
99698
52392
75569
90645
63108
97354
33072
25082
62801
1186
76184
2889
88086
