77447
24661
41613
7345
54358
58891
22770
60098
18655
66104
80310
64877
75325
3143
62011
16377
30833
59338
54394
18581
53413
11910
51349
44227
48461
11186
79755
77068
15259
20982
26109
54530
38871
87237
72358
15148
36763
58885
41383
95135
23569
38948
73029
11475
79355
957
83
15147
6891
66057
70280
97389
41599
99565
65183
84352
34250
52190
99717
61079
60907
40833
47157
24406
27251
36560
23521
76219
25116
3283
82640
33448
67927
9648
18535
49211
78701
18778
45320
10765
29368
45758
26464
4181
33392
61155
55072
13151
75018
10325
44708
49863
17956
12941
76369
99602
73882
4884
61339
97519
26905
85544
21958
45991
3932
37580
62743
24023
52913
93303
2842
36357
40967
32112
67440
99267
12685
6796
90566
62453
55191
12997
64593
22016
1062
35790
82835
88196
62780
30057
60734
33355
33116
17232
88471
60649
4702
10004
63207
1875
59008
8656
72723
74192
50051
48028
53858
99729
61370
12416
28963
19505
46168
77267
31475
13710
69978
81123
67757
74018
62812
79056
26507
60483
53486
79679
39347
15462
2640
21848
16562
109
72973
4299
30559
65157
75273
41685
96216
67017
7090
83915
2131
92694
57206
2129
79633
62544
83553
14349
57510
38627
84827
96525
39527
78200
76755
642
59106
36843
52822
80498
10966
43793
56269
7941
33026
43224
15209
47573
13551
19552
95997
46324
28318
2267
11291
85804
70463
76388
78735
39955
21719
8279
63783
78304
27921
33445
55921
55966
83932
42806
21370
35577
3541
47064
47335
93452
48457
94929
42980
72521
17131
70317
90500
57967
48976
96061
46025
68016
82423
27236
74578
71919
16313
25904
65873
69972
63270
70897
18496
96244
50993
71188
98831
33734
22814
19481
78091
63768
12401
43837
25888
6736
19146
89459
92025
49620
90569
90216
39500
97283
25970
70048
1247
29114
51603
48077
20663
90373
81797
8072
1756
98475
72758
32867
38561
98429
96159
97369
15443
58804
8191
60024
70040
59838
66398
91886
88763
88670
51396
34905
61176
23202
83506
86601
54015
55724
85338
66988
78209
80162
30557
35419
12998
42726
36310
89990
20098
34714
2238
169
27789
88364
72515
94543
89977
21896
98997
49864
28429
68278
13406
5055
47765
13732
74314
54337
72277
66651
40782
57419
91195
75329
38634
41418
14793
13790
27664
59193
37544
59025
48444
11784
76517
90051
25973
38896
3308
49460
34045
30615
16013
21536
79010
16066
4105
97478
44505
40207
43544
17927
49769
48715
22059
5743
13326
62683
35238
27849
81086
39823
12943
53962
73340
86928
32514
12176
28655
9512
50331
76598
74336
58913
36535
60632
32905
64539
29040
30981
81954
19524
32455
2120
20779
21756
75122
18683
61341
59050
3214
84135
53405
67165
34662
48075
74100
82471
17669
21670
60696
57216
38669
50934
42040
4685
2799
41003
28883
93996
66303
90998
56247
19805
34773
68750
32000
30930
53713
27372
34986
13683
8636
41583
23332
90657
20766
20652
58954
13792
71376
36993
27852
1702
12896
94676
37398
95606
28145
50501
1653
85601
80387
91792
83618
89623
56398
69696
49394
51106
42307
84517
3360
58169
87709
20501
15775
77122
7398
31499
24627
36120
42036
86046
92060
91007
49165
90660
22414
54697
24205
23552
3653
73886
57432
27412
16892
92454
17363
29606
69766
49605
13644
80838
48543
22613
33180
29222
51160
38981
62163
75731
58779
50887
3567
89077
27007
85982
74837
93378
29544
62924
23658
80314
66871
87472
31098
38982
60426
25522
80841
41309
88827
83176
60863
68608
86791
10740
29596
15770
19738
87484
22499
63552
67451
37073
96901
66595
98696
69764
13113
65017
95390
46795
27980
90840
89655
14792
33449
6985
10052
63648
7152
86221
94264
19965
54634
10187
14723
99990
13554
44516
80912
10929
59061
25045
27500
7553
96492
72280
71014
82253
52659
36492
19387
90955
80200
64235
48539
94812
70826
68548
18017
28101
32760
79760
83803
86491
25278
51555
80517
66616
58954
97841
87546
77881
64099
39953
64047
90449
1818
50890
36295
79579
42238
93483
47503
75789
62657
62819
35048
32756
24731
59726
82923
80441
74283
41755
8279
39616
69903
20851
80098
35782
87257
2792
35284
65404
64836
92465
52913
35472
53887
21175
70888
18580
10337
87468
80919
40016
19747
41285
17524
40828
77703
82790
64671
41366
57493
91853
39699
63519
84534
51902
78331
56661
2738
82750
36868
12273
61848
51003
48064
45272
76738
83784
15726
66268
9794
71763
9730
68286
5683
10863
27937
3935
64200
98510
24402
34567
71325
69934
64310
91668
21233
32766
55212
2531
52736
34082
21451
97204
92441
73008
34050
31788
43949
54178
81888
34310
87434
62549
71632
3781
57247
28473
73702
70408
46473
43440
89437
55567
46873
81516
666
53793
70240
79262
77058
95874
12912
27804
58915
42076
19034
34719
3450
97591
70135
20539
81168
38494
78689
24916
35613
85809
91544
10894
74499
67725
15450
72206
43220
65573
61401
68171
42692
47859
67090
33505
92703
58476
97502
36243
9190
40150
42532
85966
59306
42237
27458
26676
81642
83204
27233
83890
10646
12404
28753
73916
24084
43237
16610
24785
40258
10324
67344
2929
27756
37038
24751
87445
54682
86519
94570
84696
96565
9292
40709
29950
42576
93610
87127
79945
88231
70893
29610
60476
79380
27923
39885
96506
77111
29885
867
18799
46062
63938
46312
10692
29727
71681
90750
31398
65431
50684
26263
28089
9008
70202
31588
28031
84562
64271
85904
84148
48271
36556
4860
32685
56833
35645
19537
9965
60942
36927
445
66791
2092
97757
88095
13644
77048
36295
29298
27582
48471
21246
34064
52639
22484
49628
61815
29509
84363
32807
17606
97452
82080
7200
89150
21578
74079
35365
83641
12089
12470
65661
29759
18517
15693
74199
94663
1659
95800
21508
28426
8655
44603
18171
89045
2511
50267
8594
20042
26416
11310
50180
49611
15293
38518
86320
55404
2294
86944
85995
92224
6331
39931
50143
11293
28228
75042
65603
9176
27716
77770
21048
32107
1248
33100
86215
27124
31484
17258
95623
75305
33294
32408
71068
64360
78289
75564
63371
57929
40087
9694
93161
97159
65957
9722
22915
26479
46955
89084
98078
69984
28300
73514
53714
97392
74499
77895
95024
9317
79603
59305
24954
40403
91985
64778
10220
25863
5152
65870
48238
2049
51364
73729
21799
14916
23211
58218
5724
91577
39798
52478
20349
89631
68824
10427
10348
76531
13590
98778
64226
6989
74848
47513
79773
60275
1414
53103
23800
71200
50594
27338
30712
38726
89717
11274
33757
24321
83470
28585
25247
58551
28203
35536
97606
58860
14028
35807
25806
24107
18282
67581
13534
12115
59788
37566
40429
25381
72375
72059
15737
27027
88238
78681
64960
