62899
55481
44012
41029
85578
98338
35530
28564
54598
36182
56685
17556
24973
53524
87540
89474
21183
80627
76164
52459
27904
86875
90876
42936
3346
70314
63881
76340
78182
80327
40524
87088
12571
55041
84444
31646
71360
2810
53057
15318
43273
8007
50082
43356
73742
95355
82239
90052
3012
44151
95779
25646
1239
4013
45176
40221
70545
27122
51077
56194
40310
98474
37537
26558
16482
15265
99590
74761
58271
39273
41362
43871
46309
22024
42236
87681
75227
81477
53965
54413
50546
91138
5191
84909
94900
27745
91455
71514
71812
12037
58606
1264
16614
68653
45392
37601
23547
25810
37078
78505
75704
73163
96081
65741
20173
97156
77901
9891
84614
17142
11037
38871
3447
52697
18117
73854
71952
62815
82121
85825
74783
11033
16373
88426
41766
27038
79876
78329
68300
54962
90609
43072
305
1290
28566
18078
24359
21218
87584
89560
22531
11269
30446
8053
48373
8143
25260
98508
55654
28985
92768
27217
64626
26677
74062
13255
81946
75238
36042
52718
99899
45048
68028
57692
88103
75378
87077
98755
56645
2569
61853
79694
13429
56228
85296
66242
60483
92916
74872
36795
74088
97070
55870
22401
91788
42289
87958
55747
85718
72579
28154
54446
36132
32843
84386
22603
31640
50593
2973
66475
13342
46778
50661
84959
48956
32623
97243
13727
69943
31479
78323
73009
29786
49975
19470
93341
44759
11101
32757
71042
59911
53390
54624
35750
42418
94981
80013
96022
42095
59084
61906
65859
74551
58282
87656
64899
76342
39080
13939
28151
53428
95240
40667
57287
94360
68726
30876
94845
47817
70419
38390
5146
70499
69291
87953
1265
35813
18367
63577
66122
56420
8516
10
77552
14417
67047
39503
62164
11772
47031
11474
70858
50624
85452
16204
90078
28131
43510
45345
77166
83785
80783
51834
35655
68475
56474
89678
26880
14010
95583
80156
48001
69464
5606
25092
93315
36382
80226
80194
55725
78771
80499
21815
18239
5737
41132
89055
31621
24758
9707
59783
73598
41788
90126
23928
37475
40737
27989
50308
3578
9351
45305
4300
5654
91102
4655
62825
16125
33439
58820
90372
39106
71577
20886
85247
18082
33990
71963
78719
36414
80866
8925
71429
13076
90001
22934
21195
73547
85961
91031
54266
6289
67822
57704
58103
98949
28367
81088
27939
85272
73386
19343
81641
23597
43524
36752
27818
70921
13135
16211
70647
12687
90678
75038
61550
57769
73408
94408
62652
10572
15483
89226
69834
87734
53062
64866
54264
55599
92577
29986
20413
26457
9081
60473
45887
66485
20418
38606
63779
36378
99950
23631
71804
6877
65638
45218
4133
65684
36554
49624
81630
59727
79176
69911
64091
97276
75365
36194
64154
68131
31462
89621
46663
26890
13693
14720
29589
24271
38921
58688
23021
64517
71746
63379
91236
13097
79046
95972
99575
78259
71297
27688
12588
42392
16330
76426
42854
24766
45687
98823
10887
15864
86297
89994
65738
35387
40959
25082
33143
30897
9922
55755
3524
52187
92871
56920
45639
7613
35683
4177
33373
32962
89565
50906
2935
80875
31532
65392
15623
69389
54643
83028
87382
11877
74028
26367
60509
87467
10437
46708
35171
963
6923
44867
48793
24374
6215
35942
89922
8312
66442
33114
59820
889
21110
38934
49837
14128
95542
49004
85518
33515
76520
92635
99429
74985
94401
57798
33861
55452
17758
73554
41841
57957
79414
52172
50300
40543
49708
25262
72775
59178
47956
43505
10691
49361
36257
47946
62044
38475
71176
62307
64226
41546
98273
431
33761
26709
62092
30681
29884
23562
69884
90049
61185
87470
91253
94689
74928
25991
97832
50739
17236
39764
47225
29545
28938
29522
93666
34787
46696
73334
64179
55492
11934
83760
73535
68575
51111
13251
63837
27274
80065
88015
45358
47749
2410
15425
84047
85096
17408
28193
28121
72184
26256
99664
91251
79943
27381
88937
13077
46140
21150
51937
99111
11169
2280
85162
1615
94005
4290
52466
40557
39241
74478
82122
79558
67001
221
11295
65526
61512
77768
98147
12662
41266
13267
17985
61660
63949
72396
9189
73070
32683
49785
37056
20221
86665
12288
99333
31507
78852
81243
5832
94490
66181
57977
26388
74955
63603
64132
16330
22925
42287
63764
96724
34606
84430
57746
87823
14334
42396
92614
68478
33820
88249
5830
61722
17326
81297
37312
27273
90891
25850
73121
75427
21320
39169
51388
3606
36362
463
52785
96776
61366
5781
18330
26019
29664
10800
85784
25729
24040
3734
12602
29216
84843
13984
58172
94950
76692
28665
30974
61253
40139
58741
67347
25900
67306
69287
97697
58958
31191
64258
73268
22098
67230
95155
72017
85691
52619
45092
75652
6191
54058
25061
11564
50627
17758
7513
83174
32464
56913
13937
70111
53662
51317
67692
65680
31441
11406
21160
33245
25109
74706
67099
5426
68205
96541
48152
20432
54316
68821
85524
88365
21097
50812
58163
7026
26344
24038
77096
1495
12414
89787
16128
44713
10849
12189
79701
27284
47757
72415
11492
83918
72309
40275
73185
51183
45671
88343
51884
26681
95735
70698
86727
23252
64216
63496
40546
63531
47008
17763
80787
39904
56103
6199
75393
72864
11981
55223
54009
36794
9044
41085
32601
86338
83488
94629
50466
8857
52959
3079
22617
48811
90398
19259
67652
98519
40665
88705
31474
26330
87862
83375
90598
18094
33707
86997
85306
40685
52882
11591
2507
97379
49960
37261
954
34057
54353
58110
47305
72472
54640
85972
10556
92253
91715
10594
44487
56818
1383
40063
73001
80069
21352
48431
81656
60503
55001
38871
10148
67273
14883
90178
35151
48814
52594
92002
30702
48742
18488
89930
94135
56083
84621
55399
29631
87259
7402
67380
88557
95812
2604
42852
76008
32489
54722
81358
46366
33127
85078
95232
27192
94647
58671
81583
30369
10543
18443
54720
32216
76375
97449
98419
30120
43082
74363
16277
12278
91346
5829
55387
9244
23741
90333
53640
31238
23109
92617
14207
33568
5338
85073
42093
93989
2684
43137
87120
30471
49745
65385
25299
35619
8437
75865
76285
54817
60525
6107
98435
89232
16738
47368
24980
61890
39992
9811
4912
45331
56920
24673
90405
12700
36702
77888
68947
40650
49063
69221
72829
62062
74402
49648
11232
39326
28105
1532
60865
4835
78440
91094
19996
94305
82806
40740
77622
80713
40658
39996
74700
1860
63081
38121
37512
62954
88790
38910
44642
87134
34209
48761
48475
81446
51365
12783
9742
83576
81438
10512
19379
55493
34146
72789
75756
94173
93510
24364
57378
36712
49112
53029
81204
47363
78604
55381
64972
87443
61999
11738
18268
85534
91228
98344
71550
45046
49419
53641
14920
48968
73575
77234
59184
47482
81574
55105
50565
43163
39841
72702
67423
20579
71572
98711
2433
2383
57047
96660
86867
52355
57369
48902
45026
87356
855
58146
76283
4804
7353
25342
49846
79995
89920
89586
63028
38529
65576
55623
57699
63039
27262
27610
11540
50612
77661
13974
20823
97500
2208
67553
69675
51115
63396
77591
37115
35815
31391
35787
27641
28597
27021
57247
23721
33582
42336
49015
49303
80049
21245
83816
2248
47782
28148
54682
60627
5621
5983
57354
92872
34365
26817
71637
5018
93546
67850
90369
39609
83108
3646
75176
329
45647
91414
1933
13998
52618
40337
95627
57302
18812
98233
44271
69488
93379
59229
24603
44202
82839
94682
68461
43769
71738
36220
48069
7420
20029
94592
60901
31331
32708
80882
50356
82801
16927
7723
7166
73506
64492
87281
58281
57468
23600
10065
64913
38262
52610
84032
19491
66903
80835
37010
52458
87018
36524
37080
34185
37060
40662
65390
84677
50739
6646
83749
84357
6260
30577
75405
12871
62583
4631
1557
29690
86653
36867
8455
50227
19360
14829
40321
64245
49998
7421
61898
89527
69072
59803
71063
53097
47524
99422
86735
44733
46800
37796
30235
93040
98659
22310
79252
73106
6205
65030
62779
66515
8369
51402
82625
59480
18897
10749
92538
82900
97881
12563
39517
69345
38960
37871
73529
26293
58562
63323
61658
2373
54872
87159
598
53945
63713
20824
7455
3036
76111
67792
82978
14467
98041
11986
83619
9944
