26406
31941
71888
98687
61953
37522
67548
88496
69452
47971
20582
25194
46550
26500
63928
3906
39183
83933
28442
79510
82436
21217
51907
51255
17739
46012
5125
51392
31570
73851
20498
3080
73391
97150
97714
24595
1287
81169
78386
21851
72619
25088
26944
29296
43976
8457
28591
30429
69818
28530
16800
13511
92395
22399
72625
95484
96924
59321
95991
77662
65415
83275
35169
80487
208
83528
74826
41411
3935
71889
25270
49939
96515
49308
25996
36933
21754
51615
75091
31455
46199
74470
22792
47740
81148
90933
22220
67369
65039
91602
13257
37212
27932
96878
26552
12480
22388
13671
33806
35971
45765
34758
37771
59589
97821
7971
90815
82244
14458
34562
54427
99466
93555
91322
63704
34345
82069
9419
40651
46889
24902
84408
8025
99426
85534
36531
91497
89390
36015
88135
62068
47635
79600
75943
62944
40360
13211
69916
85512
5820
58838
27554
7568
3138
93111
72760
83624
49921
82492
51757
81901
77740
87886
85058
95525
40191
36932
4103
16484
66856
74857
33966
50045
68383
95469
59367
64649
62768
22729
90265
17674
11054
60319
25424
71023
21815
51711
97589
12131
8110
96458
72309
25786
58061
49803
63922
20062
10745
92141
26867
95691
12794
92495
78241
62386
67918
5864
8368
47866
81503
38171
40207
15805
45493
84510
5489
7405
4977
96454
15788
47988
97196
62471
20055
14777
56152
91778
56705
44949
31526
76487
27914
74060
79367
69452
46596
34142
43757
55991
32358
8010
63657
16465
61783
31768
7178
73701
10465
60999
56717
94318
59538
67833
42707
66252
77755
15815
51199
6133
31732
67458
11019
59605
21560
15361
99966
45319
86768
91960
96333
59025
78488
5250
41942
98044
47674
68224
75997
88375
56373
38328
45212
96790
79263
59871
95005
88495
26111
7124
98999
47261
82236
58753
89601
9447
33759
95260
11174
75889
17127
277
29092
56366
8299
63823
92918
70230
45985
31078
70031
73703
65450
13720
37196
9499
4663
82566
41893
77617
32924
90033
22678
7507
43637
28837
8393
71285
47511
19388
99744
15279
211
32504
73589
2889
99393
96351
40209
55613
90026
6917
26902
51058
24063
59872
57433
86838
30749
48328
46204
47516
67258
25788
28418
18048
35836
16492
3105
71713
73275
66403
74567
23067
41262
67226
39587
77200
72085
53159
82733
25427
53105
65451
10120
34509
65614
3420
73189
51598
28877
32212
8405
320
38595
97370
46174
74770
30492
4217
22885
47655
44373
56057
63652
96415
11760
9389
90156
16889
41066
96590
47919
37929
28306
86956
40431
72333
78452
5503
3704
39595
82785
5602
54192
74146
61001
96313
95405
89149
43310
58176
74164
364
37410
42268
36091
27199
97960
36489
41766
78788
92064
320
69931
1781
33278
14716
52165
13512
38785
67330
54667
69299
49628
94908
47086
15851
42280
34517
75788
64127
51328
93132
89507
74430
17674
31178
49035
84141
74425
69769
89391
24218
83503
73678
92893
64428
40018
32463
74585
99244
68586
60744
77687
36462
46012
65252
26036
78785
98142
81067
82947
94994
35201
62395
21460
61782
9552
24225
19669
19933
2563
70408
56602
29249
73163
10959
99108
25474
29659
66817
38229
79440
18509
83795
54763
33751
59030
29164
68010
45549
91353
24048
49173
95265
46486
72760
61396
30691
91941
86210
22178
3369
54162
60709
70665
19948
69843
65744
62284
75064
72252
14732
6267
54233
75793
41300
7763
95371
82297
80273
75598
75745
95905
57364
9145
47558
99924
24446
83362
79777
18651
38358
9729
76475
59922
70298
62642
32640
10014
50211
25755
57261
31554
95932
30838
40479
97178
50411
32892
66698
76986
51996
89607
78732
86170
92549
90658
79478
90732
76045
12931
17009
63826
76389
61433
36635
82996
7306
92484
99157
59489
59458
5704
58426
94810
30358
34408
63263
66810
71182
60166
98906
57861
1230
26657
11377
51062
95590
30338
64487
36883
34455
21045
63713
92345
13585
54328
43721
17519
54570
99133
57092
40075
20813
19385
20598
27542
40603
16109
72400
79153
62137
37883
68599
4315
17045
41785
813
33197
48739
14372
47792
46392
69826
42865
83571
55234
48852
60343
52223
12150
90815
75616
85056
81237
68155
38347
79871
53331
79359
83092
83943
46901
60834
42100
22435
96401
54374
16035
92191
93055
37331
44227
97220
9601
55502
21618
36629
10082
59791
68277
68376
18598
36854
69147
62927
96757
41230
66654
29771
58602
81857
6873
46684
33887
89432
11099
46758
75872
92705
69061
21433
98137
61600
27372
79094
16467
32960
77447
58302
66443
20761
30769
32289
65166
26775
6218
57109
86397
9963
44113
9641
22413
43304
4679
33656
12991
85257
4867
62227
32213
19773
96723
12987
37126
73494
93003
59118
98844
1750
1252
63372
56252
45948
36268
25078
55281
4130
42704
30784
62552
23782
74488
18013
71235
21332
45801
58644
49054
56370
89563
43443
13678
40247
33682
2582
59050
38495
32765
28251
97767
34444
73547
74996
29232
57428
6011
989
91032
43133
38956
79164
1920
85926
78734
50994
58741
63433
82935
17680
6784
62133
46993
63580
63324
9431
41004
84978
37437
22432
66471
53587
55743
16567
8298
78711
73305
78239
15993
44531
21702
94845
59900
89748
22154
52767
73208
65637
70590
59404
8532
55553
83671
18773
9084
64014
80045
91945
18750
86724
59481
3300
32833
54237
34030
11546
21781
1435
60004
50442
43939
52602
17306
58370
135
27574
83525
58127
72901
68327
54212
18786
36149
57314
67892
29951
17352
48950
4611
45421
43580
63911
40198
8074
5174
2203
54924
50648
26419
15473
14879
78190
41277
41621
67126
77043
34030
45472
15585
62589
19655
28155
73592
73310
6791
64771
21224
42328
7380
5051
30697
29197
31348
24925
61586
74526
32160
48260
69048
47924
49637
67519
12913
95792
30112
79654
3244
59625
90822
19322
68820
27818
35387
15301
89059
4330
20265
18005
86955
26132
18289
46069
40926
38004
24697
78199
36790
38043
3517
72836
47630
40148
77708
32661
98927
60784
25197
43546
49078
26490
54713
8303
91320
15877
314
64407
62064
95274
91522
21864
22793
80721
27207
82473
67898
60658
5664
4972
99255
43442
40756
61887
99794
51758
24600
93385
32990
71992
80907
1046
92919
80821
89969
40150
30429
13541
56172
62964
84975
9077
32006
37472
58775
65154
8748
16077
80227
63754
33268
57040
16892
81786
12896
7778
14845
84799
25821
43580
60836
12598
63210
17940
86463
4798
91018
21406
59413
81616
34440
64684
35852
90630
56005
98733
80178
53755
19480
59668
93577
357
6117
79507
31237
52203
77183
35164
29548
33865
57274
17538
9264
18208
46643
90176
68351
80790
57543
72678
29116
29255
9566
27881
58240
94216
11995
53831
35430
16678
7397
81639
6695
43688
50000
58545
21606
48699
44818
51865
20421
26039
79096
43964
6558
69917
36278
997
12697
37548
94587
88889
44622
13271
77184
78851
65951
35952
38989
31738
69021
25477
46398
75614
62450
45825
30484
94143
94265
71976
71677
24748
21016
85835
4512
24973
27890
12379
14704
3067
2631
21395
37645
24534
66914
62458
57341
252
72846
71233
47884
33717
79409
83670
95751
55079
33864
21386
90517
97863
96580
66248
74032
80604
64204
25138
93679
40100
65733
96869
13991
25598
28828
92418
2764
3930
39533
26907
22716
44479
47629
97171
27810
49825
1935
82305
84573
73009
35150
56223
13019
15594
56184
81060
69277
32027
49461
58148
72536
75300
25273
49349
12667
6487
13047
45660
61640
56476
40243
52318
51846
72046
93620
80039
77477
415
16730
80529
21298
66498
57745
41116
8487
75305
45134
58098
41647
28296
35155
41319
76651
76954
44814
63540
57692
49434
56662
57308
41716
76900
57685
79322
7349
14962
53553
7709
61522
2646
81626
11150
28151
26390
31348
30461
27585
59799
69072
43014
32945
31248
55827
38303
20067
30870
41193
18984
11426
6080
14203
55890
51279
10519
93041
67792
39142
65116
39351
67095
91856
61981
90067
11210
622
91903
9952
25964
98747
4468
81386
22236
58262
16163
64479
9887
89151
66292
80189
24109
23606
83132
91887
18463
29558
63488
86695
46164
12668
87647
86916
46595
34016
88692
54019
77543
91938
70262
82880
85329
90773
20046
22367
84786
46699
97639
99860
28940
61444
84899
71932
84301
28316
74489
71154
91803
21825
38058
69888
85752
62119
59331
35913
63534
38506
39366
11878
47350
22534
81328
10823
55953
426
40363
83374
9096
7090
80473
78748
20351
49503
14812
91312
94966
65960
18379
57201
38599
79484
92828
41384
63
68653
31956
34555
16600
97150
83407
61383
3759
14526
27224
86871
33616
65031
95099
95991
74829
18728
35537
13239
25971
69755
89594
23394
59595
30237
79478
52521
8644
85178
27996
69127
69114
63625
20700
69391
63290
24437
94544
17525
6395
51188
86966
22551
46172
72
7539
46187
99686
47082
662
53027
94552
36340
52261
33823
32837
40110
56048
55434
35027
2881
95620
16902
88750
56803
17514
20086
22351
63871
67326
95457
46943
61419
36090
58860
62242
61788
17322
13476
1233
84525
6511
52696
96695
79959
84277
64237
88559
36783
12061
83624
55322
53000
34866
95994
44959
89592
29495
39209
1220
19316
58635
18403
29720
29216
91284
2302
24900
34775
28204
35082
83710
16052
27462
63998
64785
91726
59566
52676
12915
5669
34325
22674
57781
12467
32262
41850
13187
13260
42270
57019
48465
11343
54187
50572
77235
28152
80016
85925
10375
44579
80803
95090
49850
10007
57487
53144
57934
92010
23511
78992
22413
23365
14623
99602
52526
39841
6955
15739
82659
92157
8375
11249
31230
58583
60033
55063
60758
80844
35159
55349
11730
95296
50358
38615
37696
33803
11027
43085
51925
24287
96958
35260
6979
29625
56830
81393
67740
25405
20965
31411
5689
31939
60629
1891
37671
84069
19067
76780
55891
43425
14625
79809
47564
32168
69480
10958
82415
94645
48875
80799
54149
73984
5223
21190
98026
24333
9050
98539
70856
66262
14435
6756
72002
32791
50516
70982
4401
46585
52526
50338
23125
15022
45993
88186
95695
29185
75910
21765
3118
5253
29053
29579
43553
12331
32094
64531
61521
89474
20742
93569
14753
66434
65889
40468
8048
67648
11567
7386
68932
97016
26499
32976
13416
72222
96134
30044
51857
1677
85266
34191
14672
74583
82692
86310
35573
65204
98834
66488
16046
36106
24850
94590
8943
61960
77482
13701
1319
85420
47732
76586
47113
59693
43425
62466
98743
28549
65845
61663
13391
43914
88806
79057
64522
23555
14909
23765
72081
6977
68185
72128
75872
76338
44929
13815
15766
70992
85259
16734
49663
39215
46765
75462
35574
38742
58602
40023
27681
18935
9475
57076
87933
91706
76174
94010
94502
25768
30689
57879
36326
79364
73375
65793
19019
20294
27279
71106
71578
68895
94403
624
35605
39556
18599
12080
39168
49431
21687
38217
5964
9195
79554
44105
27107
9997
83158
87687
27655
73229
85758
40044
92875
35275
72119
91507
80326
98095
98068
42502
32946
88343
39495
53875
25659
32612
58729
10476
23410
74520
43204
33881
2052
30495
96422
65393
85219
5464
64442
28871
80046
67072
62471
74388
52552
7654
25623
98389
69516
6824
45467
33758
47835
44415
69762
4089
94648
3414
36585
40442
91920
45604
86043
66020
77700
38830
42861
64440
2945
64115
91361
60652
97582
33282
70683
60062
62383
3335
2589
11060
14265
82502
26773
78882
51805
84698
59335
44635
75017
4082
8917
72309
88864
49464
81967
18725
43517
99492
83718
96642
16023
13887
74656
39588
17828
63418
73631
58524
20534
21885
8217
25057
28262
97062
542
63664
89197
64378
42502
86302
31151
7045
58169
56735
26395
59415
73116
29081
39543
96546
10539
65321
88945
12243
12225
99865
56820
80335
38812
85828
16256
99452
38213
27240
4283
80320
83717
74218
59327
46344
73962
33964
58694
83263
55862
29488
37096
91652
78512
20078
40805
67300
11196
82764
73651
58770
61880
42460
20884
28905
13865
29904
94824
77615
57788
41205
32253
66945
33755
70511
87679
26280
