58716
59582
96334
68335
62613
82933
79745
22694
59180
99368
68023
23657
87413
72278
28509
92228
6122
89531
40415
49837
10189
49960
90775
13814
508
28748
53786
93029
79132
779
37183
64358
47469
17510
62257
66209
69879
52548
55098
54029
27589
53889
65873
24545
28581
66620
170
30408
57954
18923
41901
74995
50236
96339
70751
98317
40211
64482
28863
39275
2053
38811
71181
86972
17920
41534
41838
14351
26599
30377
54971
21095
90444
31681
22525
99586
84505
61189
63885
77624
55662
69868
52596
84681
21497
9271
3942
34676
78761
71147
83854
17553
69516
19460
24355
44382
9368
99392
63709
96299
16685
77620
90425
86250
94301
40853
59486
54368
5904
55510
66394
82696
58195
70445
10088
33103
46825
26710
49289
83370
49269
23652
58514
60776
50976
78980
19757
49942
72502
11949
43773
82267
24807
73464
922
97961
57483
44620
55683
8525
80413
26105
41262
77445
33203
44877
81084
79947
48707
11675
62541
98843
7052
73154
94986
62826
4807
15822
38792
35999
70280
95485
75153
23000
40395
85489
97388
62769
77206
59840
43647
45838
42831
53144
58190
4923
70420
68319
63854
96725
65769
35162
51820
13980
49258
58092
46491
41157
1052
29794
83040
94614
3807
28977
43124
68614
86645
65080
30284
42270
61711
80545
30710
89331
10383
72114
97339
72631
20042
46643
15669
98122
94278
84048
58191
49578
59501
40226
11018
24386
69178
86226
61067
43284
63214
46387
65065
12450
74523
67837
82671
75081
87390
26480
45194
1368
42968
50475
48639
30743
56105
21223
5247
98345
54646
94007
61227
48819
77485
65670
90020
64899
70832
5124
248
15665
3538
53946
55392
59918
81766
98985
88273
23817
80915
16636
7603
8751
28417
89321
36109
75330
64865
98718
90189
92470
82939
7417
9572
36742
93634
50926
72099
76439
97591
75333
83577
77298
45598
72438
15503
22346
56888
83783
74549
47061
26372
67785
26814
52820
92743
50040
67173
76580
58177
5860
19426
62790
47370
56273
76512
4719
68724
93920
41704
96714
93718
93699
11487
66325
1879
4488
48721
35828
48184
62937
30753
96338
97381
18018
21268
64545
35398
5972
6978
32022
11872
69236
60656
10160
89817
70094
40541
19923
78505
10040
12819
74985
3917
29224
88665
59218
27405
26846
230
5069
57735
13009
1007
38088
14234
75276
65162
64629
89525
19075
77706
44750
29139
20079
52787
10348
92313
8835
90923
59801
83340
93166
87652
84671
46085
12233
35870
61498
95623
7669
22023
72238
20407
91824
2363
636
26017
90888
59642
88606
7215
41579
82896
26644
28902
24045
83381
95384
68561
20797
58264
71551
22823
1709
40331
60942
9068
48528
26748
23459
99278
48811
62839
10810
7862
8885
67871
46170
17744
58106
28991
36932
69755
42648
56755
26593
59198
36004
91088
59902
80431
25535
70075
56591
35416
69645
25595
63318
75410
58551
49647
80891
76295
53106
83104
44415
57556
20780
14645
67706
42480
35638
41824
50092
22888
60042
38478
83717
35558
79826
93098
92491
79467
21774
31340
80033
3075
42550
12480
63270
69115
41544
94439
20800
60655
16651
94877
90690
26747
51594
36928
11069
78478
96186
57275
8689
37065
76777
71564
5590
4385
53159
37573
32045
73389
20310
30080
5155
20879
38634
43019
56810
28392
64711
64328
72135
58278
46097
26786
30122
71494
38317
24164
21859
11300
99979
96194
58547
92695
22782
28130
71466
31332
57224
81094
49105
17601
1931
67924
52873
91656
34779
15925
2098
3418
77373
12674
21507
47896
926
13973
99894
50668
1256
4055
17427
40951
93310
37333
60808
90405
1561
58232
60494
14683
51590
91098
52213
31688
316
15668
86216
45619
77573
95287
82032
79083
50132
4806
53913
6937
60745
13034
12741
54949
39445
10638
83847
14005
32070
38541
67028
86291
41856
64176
4950
23730
33969
73325
19254
40928
9955
93851
19797
84987
19344
44263
91850
22750
39032
4838
18461
62403
17563
41962
788
60834
51055
77341
97890
80737
30282
82955
19274
52171
74301
99838
68453
62151
44992
24254
53808
42787
19052
78313
54286
53621
79194
83765
51725
57007
74717
87487
19086
66746
93084
45083
84403
9639
78802
55059
73991
77247
33640
50188
75227
60841
33089
94979
49187
56395
98002
8549
66493
98433
67439
30766
35880
31646
29039
76157
44366
57420
76590
74887
30280
98750
80983
83007
66045
11505
80361
55213
36232
32595
18037
12527
58272
96327
82627
4562
8132
69051
33834
61496
81318
49229
29486
54359
40783
55086
4640
33944
77611
75290
91978
98410
37812
89410
14201
47559
49110
74398
23773
17821
15302
926
13111
56116
32600
89140
69198
83069
22275
37237
602
16448
67028
58248
22009
74244
84670
60489
41639
53461
72029
85401
60286
85475
4449
72808
57223
1728
81777
58119
7858
4561
70482
18598
50769
27156
3307
76529
97622
83815
62843
35970
58483
57264
93451
76767
37181
43144
57164
54557
36596
73569
73516
58781
2163
71373
60679
61993
23365
44605
25859
53301
7621
16842
36607
86315
38729
3089
41489
87737
32914
83268
98520
66553
9506
95752
12846
35777
445
71917
81311
8777
33020
59342
90892
60451
33656
36078
20436
