45014
43492
46624
6816
42295
29318
52587
39536
5178
4981
64757
51235
67229
70832
98201
24591
32472
1121
24130
29489
68613
58594
87719
86149
56945
66401
68794
63706
24851
77801
68760
14148
8757
41282
55688
87705
95547
18938
76118
75117
68611
79370
46961
74613
41083
52845
73739
87046
93296
6093
2490
1271
44056
66870
1786
43724
76091
4301
88616
31041
4847
50003
57301
82684
26808
27155
44113
21675
8580
39877
61984
15904
81236
63721
69406
89879
85739
69539
95605
67392
74748
7634
30051
89213
13710
76866
98558
86810
39845
4241
90500
82964
31515
64532
72083
33264
12393
76608
19152
18641
64996
23398
29659
48408
56323
55781
30723
35730
84725
57238
78099
63005
41567
65685
56938
63336
43896
71676
31847
6076
34977
38071
61568
89383
68478
15220
89003
10791
89013
57878
40821
7975
96869
85309
22589
36227
37953
64416
75108
76589
