96834
18326
13609
40378
55308
94599
58606
49470
44179
23171
56931
97227
70600
89935
96636
90980
75868
24998
15669
33079
68386
25628
58451
45090
37237
74312
34229
66286
39918
48386
86098
52592
20454
40408
18700
63993
54765
34369
99913
43317
39045
11790
47259
57407
33879
93935
33281
92877
51924
61581
95804
72931
30174
32191
18784
89234
59228
15824
57356
23314
51406
15762
16727
65723
17179
87563
58724
27967
85104
21155
2077
82181
44278
64581
2961
56566
10333
65107
50811
60818
16066
63714
91123
15094
6029
42316
91714
8470
70743
89596
1845
18470
90704
20943
14619
81875
72888
60761
32255
18885
53260
71272
51111
77617
7562
90962
28729
84007
59695
27921
68728
53370
2055
38620
61025
44181
45451
10998
44643
12093
97536
62284
18285
52771
28190
56580
9873
5804
17881
44986
30441
28785
738
31932
80010
40588
7941
75400
43534
75923
88989
35817
13500
89470
38513
98679
2454
97181
84516
9334
63485
44792
283
74865
19634
49167
86660
7629
14216
66747
34009
7769
33193
5257
13868
7908
18061
9692
69195
32203
83060
21735
69034
54116
74125
32901
68551
72458
58587
26058
68623
63688
14482
27381
467
9922
96168
71390
70332
46753
89059
15403
86802
22725
30378
26540
59059
13193
65166
4385
98227
85299
27156
95446
75945
67928
82697
1766
94402
40750
52528
85350
252
19846
31021
22511
31252
83927
55414
67801
18847
54740
38572
45896
82601
18085
68009
1619
43054
47660
91152
3201
48432
73025
52266
11986
57643
15068
19975
2959
47044
97608
45996
44767
11720
32183
25453
25405
13363
64526
87097
40235
86276
65906
27745
42757
50681
50232
19436
95326
98178
98721
60095
46975
8085
77911
8880
8561
25352
43959
45949
91636
80833
36382
23021
26784
62930
77814
25904
79570
55965
12828
53082
37855
45124
38509
25458
52890
50386
2239
81540
78433
92600
67989
79628
67070
13713
81463
23971
50998
70106
96546
55405
55694
93132
60750
98632
69244
64126
95764
38095
17525
82544
50686
2309
75991
15332
50161
72544
82546
3253
7402
95922
2752
65583
22937
75264
38594
88478
43954
28435
65096
4254
16209
58490
25233
68937
20759
52551
12954
23652
51121
32160
26523
81783
52985
10741
79996
18282
18234
74857
19299
50145
97774
95097
1232
87735
73560
89710
58624
5554
9200
9537
92971
27963
80664
86282
7041
50508
73854
87882
14281
20699
24199
54458
39275
83441
64925
46304
54088
55801
45270
21341
79015
33376
77702
73680
13060
46270
74031
7183
49433
76508
34357
88347
74407
20720
59885
21356
44058
31997
70916
14802
82752
3062
24697
64393
49667
59236
44306
58826
75201
14164
89397
27092
77825
3844
22362
84584
33751
55254
49365
2725
86705
64674
44694
22188
53198
57839
99004
53346
99849
79079
67301
59256
43650
9895
30862
96226
53491
48718
28818
94981
11829
93098
59732
1426
29100
53158
1294
60209
90256
90865
47080
16525
52766
23540
13387
32068
8501
51963
26226
59518
68082
73578
58866
96645
25613
19463
53645
45899
14160
10152
28317
38226
67878
59789
36796
40947
65422
70764
26936
58630
41049
51645
13852
53228
14800
60117
66299
55133
11183
19569
85740
10329
6996
83096
43013
10519
73230
21897
25865
82843
53436
96395
42121
73751
51512
27881
17922
47611
85556
26078
28161
34793
1234
43752
97181
6257
28076
23328
11770
22098
5166
72471
95626
2
98877
55646
4721
76268
84640
16946
16365
86800
67148
55776
1286
78410
68998
61482
87666
71795
26424
75616
48811
36705
92634
91216
72045
7127
64167
17379
95396
59695
13775
34322
30768
2084
34527
39276
27579
69812
74129
36735
69177
9637
65921
57974
35897
35671
43557
4170
13216
80361
60077
95116
71232
26625
18898
71194
92568
99762
64176
40142
79820
18110
71089
82124
30762
50017
22738
26700
29823
1296
59728
93515
67678
62163
40892
44899
67349
75553
59211
32994
64804
49723
15669
36675
64809
27255
65589
74219
68672
39810
16957
46532
49512
23430
78285
12726
32828
42706
24767
24928
25372
73778
75811
52418
23752
25947
54437
6568
25636
39567
29630
37479
61115
83915
26426
10873
59505
92932
25289
89461
67744
18962
62338
36888
40561
55079
84986
34329
29717
75080
13806
49892
9864
66921
10692
29212
91952
90131
55890
81984
91633
70660
91980
23629
39695
57655
1624
93903
44388
5818
47695
14974
41290
14267
19343
70350
95450
48260
95614
82993
52626
93662
59455
46078
71685
45687
69223
13052
8657
13249
22272
85018
64383
28154
25769
42934
52368
84414
23556
59699
91175
97096
14713
92954
76600
62448
39415
3238
42853
21400
727
64137
79104
77136
37196
31154
28012
94025
60390
14238
56231
10041
24006
55286
53383
27690
96699
46370
85638
9479
69510
37069
2761
93156
40559
69993
73407
59218
84640
52432
2410
28590
33379
19045
65965
41912
62864
65596
85845
73563
9914
36967
52188
63275
15644
34028
95866
6168
25508
63405
6103
28023
58737
91819
86757
86787
96859
82331
45546
83600
30968
83751
14519
37022
50458
16370
7194
72692
52120
47321
28040
7302
97847
77086
63350
60555
51589
64984
99088
11686
81823
6003
30867
28169
24428
33882
54025
33373
62738
66110
47614
47238
96435
25331
95117
29437
39038
68637
16865
78036
4927
31316
24347
88305
21167
44846
45006
56144
26819
20280
7615
18486
3002
97626
22946
59059
10682
49453
42212
72080
99929
92630
26630
68716
94390
6003
15466
31564
47726
73748
37041
70932
15015
74261
67444
13388
81382
12658
5071
57780
42605
51299
95603
66893
37988
27240
11681
23916
94482
58109
64286
72048
52862
28600
98700
72877
11710
18674
6942
64557
43012
81484
70691
74358
4363
4166
33973
41815
97119
87845
93252
38487
97240
64565
84090
28255
16153
28320
38148
98114
32668
94946
82071
3585
73764
21395
50669
15135
12031
8705
90814
22445
90610
85012
39601
51851
82664
14993
70575
78984
41731
10395
15202
73398
1756
22622
83275
94887
41143
82849
25566
72245
33907
17703
4782
34354
72760
9307
66786
30793
63965
87290
33033
74565
61813
37386
67278
63072
31801
86291
4922
85123
5888
75719
71681
1566
20651
69909
59808
95011
9733
50327
74711
20182
55667
38893
12560
50570
92965
56801
80367
9361
94325
69835
24017
93010
64837
93051
86866
44373
15322
27818
81758
8979
85177
82400
22720
12787
37609
83643
29070
32700
55667
21773
84322
92148
26189
82929
5009
3186
10587
14769
50446
93870
66346
39336
83435
5064
1169
74351
74053
14365
12907
49176
23930
46510
92698
4949
76779
59407
46223
49694
72464
52813
18512
98728
96513
32780
91464
68259
74727
79087
60021
5781
63446
5191
82910
34759
89993
70651
46915
63025
4982
4480
79845
54439
18423
24578
96666
91562
4904
93147
65718
63467
79696
30943
37500
97261
67184
24201
87197
14487
5847
97282
83948
34343
59831
91348
14768
64418
36217
84768
59147
16721
39163
14544
31506
61777
27397
9635
83004
86867
79893
26917
81676
55783
16060
88358
70380
76969
61430
54078
35789
74510
97565
30095
8432
22147
85770
1837
53760
44356
8243
4934
7253
10490
27378
93336
52810
48091
24223
41424
42942
79684
40452
21629
11753
43749
14726
31935
37264
94986
73952
8697
68302
91638
12683
49356
43020
68328
69796
86942
91041
61720
90597
3627
29280
3299
44598
44161
32707
18638
54515
91659
85615
75777
80356
98017
96408
6648
94024
19113
89474
84985
74466
91021
71436
81733
51137
97589
5836
34717
24467
22052
20303
63145
95982
45727
13287
29525
47888
55412
23641
1662
22167
47727
75663
95607
62609
73452
14620
86811
99729
47823
3392
61178
78114
63764
59503
40329
48538
84212
73681
56094
73025
56974
65996
68128
20065
90955
3689
15470
59319
56138
26032
68022
388
21370
95823
97085
58608
23760
24617
15496
72344
71438
99303
47328
40873
17454
71393
74766
99703
6720
57131
75443
1056
90256
36551
7409
21259
21318
32607
20855
73878
96610
97738
75820
67737
82385
34533
23331
12295
70035
29591
63770
39389
38710
85250
30744
79969
63496
92555
61317
7191
96881
634
4203
33154
68495
2606
86351
25512
93548
76213
5330
92379
53889
88537
40034
69159
17308
98525
75422
29325
90460
68427
18387
32684
58712
25872
41290
19280
52247
1963
27317
54841
91924
7605
7529
34574
10661
224
73318
56087
16546
36080
19976
79372
62390
99594
27139
2019
13111
50423
10148
91223
57119
31423
82666
30634
90779
36261
55391
59754
16074
44092
58295
6303
30735
90530
14536
37898
57408
59118
13054
88351
53819
45528
23809
46052
69450
67939
74745
27137
65891
71347
62767
94543
97817
1013
2369
25515
59452
805
25030
74814
37423
25890
30096
28577
75044
46056
53562
94695
45394
55873
65060
29561
50925
975
25282
58172
15893
75931
