16820
99375
13398
27442
69546
45865
21602
9052
80548
8955
8990
55038
62107
31213
6931
88963
31823
2839
71189
98612
74511
832
95291
9776
17735
46038
56699
21883
91012
53320
29580
96375
73215
19716
58958
47452
45276
68233
80224
96609
56058
40771
85239
17344
78051
12697
81702
14464
76573
83712
65970
53616
41236
84900
31181
81002
31634
30236
62320
50648
70612
32341
27788
7184
77897
96874
63034
55783
74491
7738
56024
87718
3957
16126
86551
19932
10557
50469
41844
50094
86190
71442
29429
24805
48163
6458
34913
67917
38066
11473
27062
18396
38347
24378
95555
82703
87688
93957
17736
15370
38839
91069
89915
3265
43330
34646
26024
43981
66312
94070
21839
76833
31728
61650
6539
46181
73163
24135
55002
51053
18898
613
14058
62545
71063
55645
3787
70997
48252
41080
91038
58652
48568
67799
96439
80332
55765
59473
88534
74576
55040
94460
39002
20789
46962
99049
61539
4115
48146
15577
33564
49065
45500
32244
4759
35402
27208
28045
29318
15302
48101
55778
19840
9546
99659
58910
9956
72294
45602
93928
30059
78929
52884
8802
45919
9543
94891
10348
83506
71811
28694
38490
65001
31323
51498
53833
10750
94887
22715
36451
19846
22880
97597
88412
28036
30417
55952
30340
55836
73917
25190
83166
1997
9598
90787
30252
7891
53497
59242
62164
16919
68789
88686
16672
79697
55514
30528
39890
10567
20254
31880
10993
83884
58863
32957
92582
69581
94053
56273
91506
46650
71457
25141
40842
474
32715
67865
42738
5373
52224
60974
43932
17225
45348
39930
51048
52709
30237
58991
31127
11509
52818
13238
84346
5692
65102
45258
20537
96556
80637
46568
18848
3360
17756
29582
766
40668
81206
89793
750
61419
25815
99782
75816
31405
92047
76789
55707
37456
2602
43803
98619
36461
61671
60444
84010
85226
4013
34438
43585
52235
99718
37026
4362
1517
32342
36411
93566
56123
33013
32179
34122
94120
71225
20598
41621
3542
74171
45814
18932
24412
70827
95156
32962
35705
34411
78155
49600
3073
27426
88303
97501
89150
37187
84213
29132
42442
26522
42548
48349
23064
14317
28943
77818
94045
43621
5102
46696
5388
91208
40366
89244
24798
21836
24264
58437
23739
92859
82903
75127
10396
70435
86529
52940
12162
27247
98198
61869
49426
53485
54193
19357
9717
27763
85701
26720
26688
62732
88219
854
91925
61319
20254
86429
79271
93856
66124
72166
41093
33787
28976
76286
43877
70239
29666
10847
46522
49386
74683
82445
88918
83396
22076
37631
50620
5679
18136
15408
59901
44193
99623
26274
81940
30813
56357
37576
91619
64014
27264
8273
41146
94637
59301
82741
65653
9998
93142
22864
30940
50349
52132
30426
16716
3497
1712
87672
45946
88302
15384
22949
16344
55898
30249
90415
63584
8617
254
38114
87449
60940
58501
27048
1940
44246
81316
55409
28262
87673
6269
36745
35650
91116
93899
78611
49160
43200
38658
9097
85811
26998
28408
2681
50918
99340
23785
63925
24942
25750
78856
37844
97882
2355
52692
29102
63000
98565
67855
28744
64583
9879
56243
66762
5481
18865
95356
31564
59322
24188
78762
23301
99601
12486
83381
36998
53215
15966
93187
3554
9599
19798
14032
51977
68238
57679
67492
94530
87147
61387
83024
78027
2778
10730
17151
89116
27915
63953
16026
49150
98199
35514
3421
85120
30279
28062
20061
17135
74952
18520
62176
60059
97205
44382
67238
97168
91737
35619
73101
47071
47316
90064
33078
11644
6231
95688
3975
62349
26161
61886
36708
95071
40901
33694
89830
59485
33705
27817
55173
47955
82416
47393
31742
11118
9044
3634
9148
52549
68182
96776
25026
43267
38373
86235
42305
88378
38493
10411
51593
72753
77220
291
41606
10402
57847
67809
96243
23090
2956
39866
70785
77730
33906
51970
71654
19240
38598
11668
14280
45769
87652
91235
61829
86625
13931
11545
53900
59691
53220
34597
18786
4780
54947
90887
25462
12122
10953
29599
72221
91044
17634
94566
27690
52932
82173
96977
36955
14672
7114
77055
80630
64024
39199
21168
27884
66775
48165
28368
55848
37008
9118
836
17239
36453
98123
66462
25679
16653
74826
28565
93889
68537
18191
77739
3783
98012
1860
93831
9475
3314
44171
12291
74293
90095
44532
28426
21129
23631
22631
65531
31800
84003
9880
38458
65549
59774
3516
2843
79454
88396
82952
92062
24186
27499
5240
8897
57440
20190
41947
56982
64327
99624
93247
68276
99098
63384
16714
7144
65821
36552
38079
9037
36951
33888
69131
42374
68224
26136
43954
65868
5906
13260
98891
90400
98124
8259
63875
44464
15898
39237
3191
85268
61417
84533
42283
93782
91237
65946
43848
41331
10290
38502
51273
17786
98923
31691
369
66933
19692
16734
11384
83360
13204
97206
12467
86940
33041
46204
12983
5997
88633
42263
40564
68259
61943
88352
79251
19925
38890
33527
97775
67476
49691
55209
36806
64297
43641
1547
31903
44763
33300
37973
84946
42100
30698
89774
60957
13194
63850
23442
79564
33410
5738
63499
90700
17603
69904
98683
72722
69643
26856
91599
67760
62135
73762
69325
73913
435
46212
38982
46802
30620
95321
41879
24031
9798
66045
32624
75287
68917
3298
45462
98047
63196
81304
89084
24333
23377
98598
93328
77428
92163
6183
16391
19185
54541
39574
9589
58295
48127
6806
28195
47825
70237
43957
71509
86356
82068
87340
33068
51220
47213
27220
42790
34606
31651
1798
86851
23738
35433
62132
98203
64834
22477
88796
20931
77243
64190
69286
64982
38929
15092
51531
84347
47374
94172
73344
31364
71024
54397
30244
62606
45548
84625
84788
97656
36475
3094
39441
61110
85176
69745
91921
70243
78699
65812
67125
66076
35623
63447
72899
23895
79884
35558
58315
20844
82427
36654
62554
82792
86593
19123
30113
80460
97285
36237
33771
95648
6266
23093
90588
32434
46331
39758
78195
5316
15647
7107
58734
96549
90211
65140
96011
38279
47145
35987
7785
41623
54486
79430
29598
64407
44143
87400
79129
82112
73857
75771
785
2374
1285
96686
39106
42445
38753
12734
36500
71132
30731
45481
75953
1973
97771
35157
92570
12816
20418
25797
59145
58437
94511
20616
10436
37493
75341
36180
8424
72838
42293
20682
66546
65125
57849
91601
44755
83599
65301
91104
99205
65151
67997
53706
20501
2908
59645
30048
22627
19068
29959
13085
51054
33140
52868
68541
62972
56415
75508
80179
95214
66241
65416
82260
