46069
73188
88094
6644
66747
29479
58571
84523
1192
44113
78736
42676
64641
56100
68441
44510
54857
82526
19670
90430
1957
70365
97282
52542
74014
90130
24233
69908
42364
54696
86134
58054
54405
683
10387
79534
83647
26848
23691
68492
26848
44260
68371
1539
96330
56350
62742
59653
11879
53470
23681
31414
31144
76217
30557
66548
69999
74510
98876
593
55118
65324
49250
36430
19795
70951
2739
86487
1058
1823
7116
50626
21214
33145
302
29023
40169
13012
46971
46814
46236
31143
42253
97821
12602
72030
62503
98388
84227
74021
57236
79155
75677
16777
18656
32550
54226
63490
35569
76838
54553
91445
37055
93767
21441
54696
57885
46160
5118
36060
12496
84236
40222
62096
47220
5041
23851
74406
51509
38003
70753
73292
48059
91523
64427
75751
49016
10364
41767
58728
60857
61746
45843
90733
44092
89199
56516
90130
85550
47550
61806
86827
20856
59881
64275
5581
52569
17840
26170
33755
45496
80387
44651
84130
44887
12868
14179
14256
55449
48270
76952
17811
39587
45546
84282
60589
41752
66117
91887
93978
22498
88961
90286
42165
90581
37142
27865
25833
54388
94209
18611
54700
74986
47556
39151
94052
92251
7704
10418
86276
12848
17343
28151
87385
94185
82093
53369
60710
32069
26102
99094
55126
61392
99925
52791
83604
9004
45577
55363
9356
95806
54204
16998
41488
71163
35522
87761
39824
76868
54980
16560
29427
80193
84550
25958
29383
85966
56111
2253
7497
36148
2592
50398
82852
32047
21337
91482
11514
69080
96621
86926
7209
56931
73803
57931
68405
8947
86268
31401
5991
23824
98184
84205
91621
49868
40978
76561
75810
17569
89541
62237
56969
49737
45356
38408
17855
10121
68049
51211
84261
31205
24318
4372
2288
69795
3747
27791
75178
75055
84716
50529
48416
17773
20436
88391
82723
21982
55056
130
8528
60405
72888
88280
12667
23789
29965
20715
68295
50809
16474
27266
82374
10026
51037
82064
1618
58297
13391
16743
87392
61068
80705
22271
42815
49123
44588
87847
51212
3677
50775
94189
64041
7092
21567
25504
58571
70031
92266
89512
70827
47532
17178
38131
97699
86262
78198
62782
53629
3138
59551
97742
61897
81500
35960
2551
58291
85229
58320
10248
85843
33453
10914
21996
63281
48903
57257
698
17005
91529
87855
66234
76634
15627
32479
23236
47562
43521
1992
58610
90449
31768
80351
30533
57218
16861
96065
33217
55867
66586
64239
62469
42303
30478
5259
25926
66391
78201
14240
38817
31548
38255
76549
21177
62466
1043
99047
65713
13929
30112
54109
76807
95185
33325
14071
90660
28968
81726
87436
74172
12026
28020
54976
65838
94876
68909
43830
65846
52513
15883
70754
4491
74947
87654
31857
18133
66673
14030
15499
40151
7567
45867
67452
70690
94208
98579
42994
23466
50253
17800
39296
60503
67244
44876
13284
16391
13100
77204
55100
82493
24569
63825
5341
68527
82023
50207
75456
84015
50238
87830
54998
85347
57199
53952
66870
15515
74440
84868
62256
23097
57089
11987
30643
84609
99523
4214
37135
70126
63428
62443
89220
85859
39053
82317
78192
99413
7585
4
36661
3491
82817
62366
2851
2060
23673
17687
84872
9351
25641
6047
73691
36508
18806
39450
62227
3331
22929
998
89820
53253
35889
59641
46238
68561
60810
92508
37495
79822
9339
30304
36899
38606
53770
92941
19105
75769
39114
62363
2353
98961
7687
47420
4678
92466
33460
31687
53521
70079
11127
59288
75042
97456
95746
6066
29329
44228
42822
3850
50785
48116
55795
34105
99182
73418
8199
83921
26145
24421
71089
62054
14319
30682
42863
5692
51993
55554
48246
69588
64692
91962
45912
78431
37019
138
60159
40555
23008
10875
30995
66531
61289
64849
59183
9709
82576
83621
7981
47430
21295
71192
11764
51438
20605
26305
33144
53901
50654
5175
4904
1507
43577
11920
90752
4252
85578
9680
99842
27829
96361
39285
93946
48927
69275
4273
33357
91288
41681
31179
17804
87043
14410
42233
92068
62611
41600
83947
2482
31366
67766
39554
10132
86327
97653
15845
89316
25247
46252
35694
65727
7814
31263
86385
77782
40035
38401
70839
76711
4453
11095
83950
16203
6476
90478
89430
20850
86904
58972
3940
64089
58626
21373
4744
30995
61527
91011
64719
89012
93774
35384
84279
40619
69951
75603
33627
85892
76918
27058
40703
80084
46816
14893
60318
31593
43275
97216
38154
49038
61699
81385
39701
12724
77378
24303
48632
15335
36246
66326
51737
89523
72243
60215
18269
15863
52517
21504
50365
83726
97147
44724
28231
59674
93561
1098
98822
3306
27511
57668
60019
58805
82247
35228
73617
41976
15425
53020
99936
37183
9354
91836
84438
16338
4308
43990
42492
92997
66940
8548
82238
28585
16240
33306
77499
14945
28008
1152
52783
67628
65470
7803
70631
77723
38482
80333
17921
86554
76613
41463
72217
67165
12512
33307
91833
19295
11058
76051
14024
10417
47115
51999
64543
24404
30107
73492
78800
11541
97179
14390
9935
68828
48345
59112
52347
17926
76840
50698
40571
89566
55773
99902
92878
67917
78244
51011
56536
96108
12212
86938
77439
95035
23721
96022
60617
1538
42486
16095
10148
89191
92366
17513
37053
95200
85924
86205
2023
40268
87072
20215
16129
94808
78665
58782
57167
14492
33003
21696
71889
40906
72304
48481
25066
38941
23537
91911
25219
21545
17391
38403
3780
94624
54696
99059
49580
40092
65288
39410
3776
43489
14064
93384
1642
64049
66913
37572
7187
39772
15231
85559
24095
17770
71880
98906
82244
1060
93760
1308
92903
6975
56547
25527
37660
39477
5698
18879
6260
87949
34495
82371
26728
78368
94651
21042
37517
19314
27956
38610
35892
4876
18436
18221
99344
59262
3688
92924
17571
33815
51319
24425
91400
96150
1836
76746
51987
83206
2871
92605
28764
25339
11279
54644
47768
86885
19436
41085
73404
10171
69980
65954
16097
94573
59248
27695
15945
89967
93866
76834
78164
34788
57192
53270
79996
22954
62738
36858
90693
40993
20246
1128
46317
76995
16733
59296
99303
66386
19603
44188
19072
6015
41865
69228
54479
37690
70492
76365
81451
75024
48139
88622
49908
23375
15723
49868
12914
21618
68768
52525
67950
16663
53958
25063
65334
66847
34008
75502
42011
58736
78735
64531
20289
13356
98126
12469
70582
52521
19253
27952
74791
93664
23005
83051
42713
42451
98939
49482
27688
56498
46923
53621
59674
60584
52807
4232
64040
4058
92001
96143
62595
64485
69630
95517
59702
18099
88851
67976
820
17243
49940
19491
53397
37741
21931
81768
764
85031
95865
88839
58545
76872
24121
59582
20029
52589
73829
22128
12107
94059
74045
90403
96540
82025
16121
30499
82712
52835
74647
35159
27481
65317
52356
58303
85334
35271
16541
48395
37783
45924
86842
59348
74783
96714
54641
10751
22929
9877
62859
15391
15276
74584
51602
91367
75863
71750
79884
28503
48359
89120
66578
84381
32733
5907
54762
43965
6430
98965
92810
88630
97271
98400
42841
85330
44150
99485
72568
24726
28545
19925
60101
8281
84991
76707
42957
8620
1868
45219
72266
4945
5195
54767
91107
25811
77625
69285
41943
15288
2401
99768
22252
75343
37774
95845
49783
27231
21224
67919
69230
77711
74805
98403
30690
72149
33026
10873
96905
65842
42902
79313
91090
47362
92166
76126
80040
3273
6091
77243
98277
22282
15984
65386
58116
98675
43128
98426
57850
9854
60789
38803
95643
10858
93902
72078
20261
9912
91112
77938
1444
63408
57106
55396
82478
56125
64491
45369
85462
13087
73957
38503
75799
23138
79065
3831
56574
41133
57718
24745
55809
75574
56219
82768
89950
61618
53795
86727
35516
65524
55569
5200
17468
65985
40171
23476
27667
10171
44540
12779
19686
47922
2942
69125
87268
6193
69805
51948
22912
77692
46729
28506
70320
62568
2849
9071
29866
20089
24714
40050
49789
58448
56935
7438
37454
15129
98090
91367
54824
57720
97714
4034
20186
65641
59664
37921
24235
36904
94773
48956
82726
890
81401
170
90259
8030
86364
95378
10113
10364
70665
39572
33613
43132
54591
72943
69162
66882
44915
38842
75861
31999
33321
62488
39546
83152
59641
36862
107
29825
96072
34980
78107
70924
49285
93617
16032
76400
96167
42555
44870
96875
65930
85561
10286
93477
56395
74557
44315
54372
25507
56803
48255
91964
30458
16463
60397
95252
96297
76491
18214
45575
83470
74587
88837
90752
89493
77807
33889
12582
63769
54449
95204
15746
36577
78938
36438
12312
63307
5705
52300
75410
63292
11433
61862
88024
88890
71527
35357
18474
94967
6329
64877
12812
91528
5320
78578
6185
52953
13438
15246
20171
26158
42673
21522
31135
26957
54179
7597
65869
39019
41434
98854
5086
33017
33360
50734
52764
4927
27785
51978
59942
91898
60290
27473
75207
61726
11235
66067
30992
87666
54608
40996
64672
14184
56395
61006
16586
91214
37234
88754
43251
4585
24443
89759
33367
58499
31818
29935
16666
72302
22161
22683
11207
38255
27087
37502
63416
49598
21435
21302
96990
48956
75476
50828
1723
65936
37117
30054
61377
9786
28435
69934
40909
58049
76124
39528
27697
35382
33804
57358
48832
8055
95685
99708
67106
29124
45645
38652
92050
56857
33608
86738
29147
34726
21918
17542
30322
65121
98465
51727
1862
30908
10402
46757
72109
19074
32590
5105
20593
78891
48241
20541
22707
3405
85776
15045
69603
57516
25510
79867
81653
88522
62556
23474
45677
45712
88192
46368
71043
4443
30973
8183
77826
37118
80959
26008
1413
98571
5719
44546
22240
96587
55136
48484
6803
99635
43528
45382
76637
93372
92259
33413
5668
35053
13735
82451
83140
70736
18596
99281
69264
73982
31869
18124
13827
36760
11038
56200
4143
93327
69181
719
58095
86115
19741
48464
80418
88967
75997
2044
55973
87565
57909
37945
62418
79473
81791
637
46536
96959
34127
44316
23387
74573
59857
39235
25547
80488
27597
83145
50860
5636
69477
9992
31478
57967
31714
67854
74363
40444
13483
45938
4046
906
16333
66571
72069
29503
74092
22220
84406
45137
84142
29884
38061
56184
14905
95628
51137
2770
21521
30516
16834
87927
61976
35924
11174
83228
69278
80936
36683
50803
1819
27488
89812
58145
63660
19923
98611
74686
59262
44802
88928
29875
23021
84094
2405
81296
43029
30277
7568
88390
80540
5417
16515
12390
71945
27955
44031
66334
88382
720
23377
20364
19650
51583
23593
