98971
62389
18219
36681
46272
41473
12878
78312
20977
79554
27657
13716
79276
30687
76339
87282
64483
33496
3284
86165
82946
82798
94865
96680
22107
21384
82768
54155
17564
42909
73783
19433
63615
44630
4913
2068
27445
19581
14877
90149
71011
31799
43519
39813
6604
75339
19153
23643
12213
78061
70548
36515
11001
74559
5031
9845
75569
39108
27104
90806
52152
39125
32999
1738
12492
42401
5757
6815
31848
87244
52723
77951
60464
3653
72704
70026
2766
55817
13649
86663
43690
61430
83303
42142
64728
31747
5100
2455
73656
67766
69489
19078
31374
42581
16880
52737
96862
97680
2585
21241
27024
81873
36422
95417
61995
65487
60022
10237
98482
69665
23466
54424
3809
60789
49490
51132
51550
73471
28312
44749
65974
42049
69038
64423
47031
40147
44634
43625
10160
50618
6619
36847
15966
14063
12902
89508
83627
33131
7627
85183
78887
41933
15397
15477
42579
85137
63911
92171
78844
89728
28862
48712
53558
53876
2803
58700
62972
22031
25783
32678
20127
63073
79661
41405
72370
19255
40328
53665
7125
47667
2458
69806
25042
33086
39956
78318
59753
11326
41918
62141
1690
5566
68714
33799
39750
44682
5718
84022
69097
2185
53227
87230
25936
67147
80285
19058
890
34395
87418
6035
51379
80206
68679
45601
80436
71917
36950
5858
74458
45089
78103
38724
95628
70243
29419
17655
6079
22705
35539
41603
60356
63717
21316
30638
40324
38717
35028
75423
22392
99592
57760
92691
60777
61678
45121
81964
42485
13453
66036
74898
19820
7084
29996
17992
54413
71387
48931
31835
13139
5264
62783
45606
40761
29302
68911
14265
96716
95977
34583
87679
