98056
43692
78319
73486
31897
34323
21739
43813
61715
15200
80820
36322
26244
49427
26682
15506
7469
2884
74149
14675
60992
23422
52449
13354
6720
4359
46450
99593
88217
27068
92984
40120
68520
72037
2840
65005
67813
85601
93173
10280
64073
90346
57364
51920
71683
31267
69759
7653
84919
56815
21265
79257
23378
44299
8450
57326
44593
92411
53546
12914
95454
20216
15707
56044
58507
31522
64869
49757
11824
26337
28750
30192
61830
66976
90795
98132
27356
35400
12286
15507
50124
50484
75378
61560
81992
49179
95473
77667
52508
73900
31134
57264
51648
49986
27650
17904
72115
81693
66402
26139
43162
42954
56331
32758
53601
90006
96106
15838
5563
76983
55988
22144
62481
12720
76935
43597
54917
57250
61137
64846
86052
19876
32967
70436
35011
87164
82245
5593
90666
78890
62735
43394
61163
2666
7968
22853
95131
53908
43765
87425
19399
86754
22239
71492
44988
63726
75599
53590
18277
77135
89727
19423
97441
23644
27309
55210
15614
4884
88168
22406
51708
21656
80533
48595
67399
27010
91098
6122
84549
4361
84033
39999
71130
40812
29502
49674
75743
72988
60805
25449
871
92920
85882
89649
33277
14926
33745
95078
56266
20909
99277
88883
53017
21148
60895
58607
72804
90384
84735
39070
72619
64919
96276
73615
65576
15409
95768
91356
4453
42185
17333
83242
3801
75197
83288
34060
57303
99022
85005
94964
38390
64924
29559
61656
81605
96545
27425
57068
29805
43580
60661
4167
97997
88669
63288
14497
48485
66730
66002
11101
93935
13101
5875
50670
45101
17094
78370
9082
98152
20968
13773
46946
12905
70813
93067
77301
67722
95461
79293
16358
89449
62321
29617
9941
47486
34887
70602
93261
69917
35682
64582
59708
86621
532
68596
85534
29364
95312
88982
81622
22107
54700
64510
20983
76106
93950
68863
21181
63857
39353
9302
44572
83533
20796
12495
16076
41283
70706
30809
48136
72618
77677
72740
5566
96060
50197
59706
39215
42373
56160
38101
66666
30848
17209
30266
80633
70536
53481
90961
21295
48746
93932
46957
57491
31733
90193
36526
83514
43243
97768
32872
53191
5402
17416
31004
40997
23427
21653
1022
41140
70730
26591
62515
89881
84213
7705
14499
23777
10875
99610
63264
67127
56375
64574
26532
75559
73734
62236
56478
49545
96125
3889
16447
71552
61531
28677
66640
13609
99018
96196
62537
8261
46484
50234
46516
75209
47946
71776
17888
48344
34810
5886
99509
53494
29982
16728
80133
45852
26355
97721
842
27913
81848
39719
71193
33629
42090
39100
46093
82637
48765
9781
67989
79522
16757
48434
80592
57468
66457
90547
50154
43032
78919
86483
88210
49389
1064
21327
55765
89052
65682
49
43026
33906
6746
20400
61095
40337
44369
59968
52427
298
85730
10923
25418
75335
38382
6282
45119
19943
60568
94842
66873
3027
79548
38491
82593
91836
93376
25200
60401
71418
34197
13761
97545
34459
11823
52228
73775
91318
75240
40997
87769
18133
26615
43616
82745
82051
97520
83656
19049
56992
50274
4345
31295
70732
98691
9200
15545
4731
51943
46480
28046
1762
72902
48078
41212
23251
8002
84313
94813
38166
89537
50120
749
18355
33264
55236
8328
61435
54297
51248
13605
61639
2495
91756
1156
1488
74868
88381
39549
42694
97053
95015
12805
53418
78453
25428
59332
20799
36386
85236
7058
62646
53436
78271
38941
70203
79165
29455
96534
85134
12433
51610
30970
38170
3826
71954
40500
54292
99004
25575
91630
59915
3272
17779
6949
11218
85288
54988
16892
99561
53504
44715
14951
79920
32831
69169
26304
11279
40958
44149
98303
94157
13865
85178
47982
39737
58298
16160
56492
7525
15307
72378
83293
4001
3440
69278
83980
43461
72754
31216
54750
34029
41573
261
93836
66770
6716
74107
65626
53907
14936
54310
76716
83339
58381
21315
24820
30949
10123
91090
61234
99674
47151
49726
15469
34824
17677
6966
66699
98891
97237
57389
10830
75830
43745
88839
64277
14815
5561
31733
65963
16471
58550
99956
87562
10820
48248
34343
38701
75473
91458
23121
58584
95050
47948
40177
18448
68371
7391
11654
20271
28662
49290
94132
66313
53820
24365
23526
91379
8742
74694
72840
95080
79770
56912
39040
84900
32517
57839
64578
42565
48631
95150
87449
55969
74517
77034
5200
16832
45587
54274
32914
70294
33318
35765
32961
16825
99186
