62513
68244
12392
33081
84860
62418
75132
71635
17414
69812
12736
14204
22168
12946
65404
80707
59970
95773
71782
31450
39033
40535
20863
48951
3716
67417
42110
1293
88816
35693
80578
91693
39669
327
55425
73296
51628
76363
80034
35635
13788
44946
29846
49785
51339
79451
80054
92899
48490
17922
99466
59672
99661
58958
79125
8169
80475
12115
94695
80578
52038
91094
50141
85579
12134
98172
26912
28394
85134
11776
67590
26980
98806
55544
55931
58418
30671
96894
16181
38234
19138
95846
43802
47211
25390
734
96945
85172
832
66446
23467
49319
61888
52959
71819
5854
99026
47183
35769
47983
50119
39528
12728
10778
49593
78083
13360
44006
24297
17945
46176
27674
44603
80989
14988
51884
54995
42233
9372
72522
2236
62981
38709
97373
51178
98025
58901
53446
28388
14479
67521
35612
61960
73154
97949
39101
92264
39922
25941
33951
12833
14136
13118
48227
63189
83906
51046
88621
36143
43948
36816
41979
80936
40690
6487
69396
80577
41473
76269
25687
56815
59934
92986
11366
9423
8016
75147
91700
27798
86589
33854
97994
22375
71272
98836
59923
10938
97797
39017
4564
60637
2152
59358
97718
30362
24728
76085
96181
80112
44837
20966
25796
14083
72209
1975
99467
2417
85465
52422
41735
82920
74065
33601
92072
78510
9844
16978
17782
78768
47043
61150
79162
24680
25563
16072
54562
4504
31222
32452
51016
15679
48913
27762
97340
72780
29785
61974
40871
44748
82000
5900
46492
85979
86066
42939
27158
85315
30434
31075
18792
94593
60739
66095
49276
14120
36998
29339
41193
6289
97053
73642
31023
80538
31673
99718
83718
42930
87006
1844
30861
31872
23425
16545
63108
67827
76336
90828
63112
29364
84130
97611
73875
30458
71230
65095
59266
14709
41
54162
28383
962
34643
13255
63512
11825
91173
63754
12622
91630
85105
20508
81653
73649
24014
31980
89295
87696
35921
32368
27528
8727
67933
34085
4866
34665
37648
53174
36098
47355
70695
52486
82213
54464
11739
7878
37324
32050
53462
51217
5521
87670
88244
20640
9987
42101
50667
53301
29060
84080
85465
88742
59582
86982
45167
12080
66484
88902
94446
55333
89437
28379
74050
92512
42298
96813
56201
9526
59181
15605
5495
3444
12127
71169
44551
67364
49726
44158
12076
46892
83429
50614
92488
12160
78880
72210
90894
75332
93301
90373
24932
97737
36745
54764
5934
73014
25006
10478
85781
43086
35033
80264
53038
2331
69866
48198
72148
71937
89457
19420
72875
81246
66169
36948
13676
75795
79305
21006
62316
82789
71720
58928
59806
3912
53380
14412
59583
72654
51684
43762
62916
8755
76409
3693
3586
25900
88358
10415
70196
447
35083
62905
92813
88776
44511
74633
62159
88729
47863
67479
94194
76685
36941
69187
692
15930
47693
21397
77295
24302
1878
49180
74508
9484
31757
64945
74265
28861
58882
79689
54919
7501
97426
72807
90903
52634
4875
27993
99807
35893
8535
77256
19251
75602
94944
7675
68679
40603
61125
76219
27091
14347
91560
46839
36710
3420
42799
10972
24749
48185
88856
77731
20651
94915
4822
23247
34589
18529
43588
70010
54505
43007
91121
26489
13586
92537
69449
54947
77851
20677
93306
51059
4375
7021
76345
12813
24712
81342
25875
48126
15165
33664
61300
20723
25861
95409
40718
62028
53903
31541
82609
83198
62443
66523
25087
5854
67083
77971
73898
92718
33822
31019
52152
32
58598
93706
79718
92526
27526
69109
78293
58661
89007
3481
19320
38945
4193
81299
6273
33389
80625
97937
10255
85484
35400
8567
58418
49561
78822
87933
8426
35994
57275
99814
28960
94439
44913
67259
46254
39130
27771
55100
9673
42240
81042
24777
75572
21408
502
98183
7951
25759
12448
71990
46915
81089
53032
56878
1460
89351
77487
77064
81830
90195
32495
54748
98512
83025
836
21323
19842
76883
6457
42650
98299
82436
50225
19215
46737
85478
31887
23637
70122
44512
2129
67793
35784
36403
80151
49751
95768
33505
66780
16691
58545
33290
80904
94209
44167
77231
47911
74644
46908
89526
72773
27499
72462
38240
37605
93548
12996
71508
73726
50905
72658
9716
71658
96077
58575
80866
9017
65980
7959
70848
95826
37885
30614
22925
59596
83471
7960
61444
18363
20393
4637
33668
18869
228
16813
60559
49238
95184
2502
62467
70712
97591
13533
78895
51415
26027
76249
32847
26618
39794
48554
99750
54587
99533
14665
28548
84872
75890
65701
28259
6764
472
54195
77158
99644
73704
3707
33725
64096
92753
848
28567
72890
39349
96418
94776
44328
72096
94734
50521
6959
807
15827
82129
94273
81402
73880
88542
80777
59092
27071
38725
46690
4841
18954
62469
37527
35518
49550
41998
66976
81676
85546
96892
96688
68576
43280
