25923
13195
13489
18886
33360
27382
28669
75209
99882
66687
38169
72305
98717
78420
27475
86930
96124
51981
36604
93037
95251
71809
71043
85899
37739
49763
27464
78016
26757
95698
85070
2173
91532
51464
46334
62565
47885
83224
71953
33595
21886
99707
43950
17787
94477
39905
8202
39164
93747
52740
93033
66556
8521
73328
74074
32439
22010
85738
57241
37264
67523
50534
81468
6658
89554
66861
751
99452
53039
33489
91076
48176
81209
70979
41986
50482
18130
68014
34814
19896
5911
18923
80009
47373
38530
26596
84555
21302
4305
55186
47088
2953
57269
30439
33162
56763
64080
1932
65961
90467
57521
1170
78857
68728
90286
52238
15307
25773
23455
17572
28927
17460
2898
90427
31943
21276
73840
77748
63790
13957
58905
52402
3262
30739
78178
92102
27430
37685
21181
63872
28422
29107
90127
57523
35227
95780
21403
19350
51818
96488
57983
88174
15190
5344
89283
89817
97326
432
96980
3259
23603
5487
45384
71954
56865
95647
33188
97183
1120
30759
79780
16815
11769
85294
53748
42468
60296
2591
63826
842
90492
13000
23245
837
20602
20411
67307
27115
91170
79732
50955
42851
31905
59067
78233
69716
22541
4671
18741
1477
52461
4183
47531
99114
41754
74224
4376
10005
72415
82115
5929
51443
92564
48322
60035
99671
98828
66126
25261
29581
72453
18139
30745
57402
43256
65429
21492
48905
82163
34368
22542
69068
77885
28740
21705
65634
36189
50213
55108
98622
51246
18983
42327
50618
37720
48207
58655
78527
79517
40772
50862
96500
46557
45034
99815
11862
54436
27340
8382
71115
93525
93462
46307
11494
33838
18523
15060
55028
19888
25546
5151
26705
5829
86467
6001
26099
45287
6244
94175
32667
42618
90678
69631
78969
92713
91568
31613
83157
85010
69073
85925
92353
24037
10432
53523
51905
23598
96652
6726
82029
64607
14326
93823
12950
67646
68458
25426
2425
20427
63958
86686
35419
17694
88441
8275
84678
16437
47006
76080
93104
82894
70880
84584
24073
9412
46120
42197
14222
9093
86003
18082
54733
53986
1317
79559
21769
8687
6437
6705
74475
25329
35903
86550
39840
8242
36144
83065
7699
26978
40074
51146
66316
54921
28465
12882
19212
37360
31321
42611
37300
47719
24926
13634
16883
73490
35795
43915
33706
84521
71448
40693
6005
75396
59766
84659
5373
41006
93586
13212
83268
39754
45311
59244
13117
22409
37454
77038
83227
56278
29384
40079
14088
54149
7972
26895
15156
25352
50396
20572
40842
2356
61070
35127
53179
60442
71458
47685
49510
40298
31498
59251
67573
3796
14412
28803
37449
1726
2872
25592
10126
8943
23810
22696
55785
87157
51610
11263
91446
68510
4964
49338
67209
14111
21391
71757
13108
90879
5218
78338
24449
27308
9770
86414
42537
54188
32579
80760
69785
9857
73612
19035
43506
91201
30848
54097
81005
61433
84955
15903
151
83555
55394
55153
14196
34479
93977
88474
97384
68912
18705
614
18760
44426
80672
53014
45604
89511
99866
20062
25036
94969
1910
24439
62588
35661
37094
71208
29935
84395
65489
86620
50459
62668
47487
52095
30964
83994
87851
86437
30616
84726
43101
70055
84037
4556
17077
23823
24525
74281
37529
52167
85462
91981
27815
35083
93252
20385
62088
6998
3496
18011
19779
91744
73629
24562
35791
72380
9853
57099
76459
62204
73963
37682
58204
8999
86566
65431
65682
8446
17143
66392
19371
24550
8585
3126
88667
15085
44070
2580
45911
38237
27500
65612
9210
73004
15282
54422
27451
20369
6791
15210
19649
64859
73671
82507
92528
66837
83980
28934
25234
24708
56174
69560
28094
93210
60095
3521
53561
69031
67345
77289
61784
58248
41817
83709
20696
21412
52681
68852
51061
51571
86708
4786
10636
78145
34607
481
48399
5262
26920
65410
49749
87025
98999
10759
36642
14166
71764
71730
82829
36599
45143
61081
53666
74662
14527
18809
82411
78137
37018
5810
50504
76647
93944
390
47983
27588
18796
95637
52058
8528
85698
62984
76738
19790
82446
42666
14550
59970
24351
45333
12507
12196
331
746
98849
32169
81085
69235
4509
60387
60701
39553
3804
90411
47658
72760
32568
12628
68954
15944
28749
18702
1954
1877
80427
95745
2572
71103
59294
61205
55519
1494
63807
89579
32608
6983
95557
60274
8482
71936
44843
12285
49636
20575
66974
25840
62243
81874
89558
63747
57024
99504
2827
95917
65317
53723
49982
99365
19453
7475
52636
72989
92739
62522
77594
31488
79545
13094
75548
46052
84402
14309
99696
80753
80515
40555
42862
33073
92727
95016
15382
24602
57712
45740
22847
3627
15066
5885
92729
15237
86968
46216
41972
66482
11205
26442
73856
64275
2617
58671
41703
31900
31382
71014
19495
16384
23098
22291
75001
83417
5194
29843
49705
59147
47020
11590
11670
18861
66789
10773
62378
41433
7581
67225
46681
45389
16740
22558
36176
97532
98237
98295
30630
38292
45977
65788
49539
99328
7502
34645
66452
98349
72186
22450
72397
83768
25784
32697
41551
67476
64045
60156
12247
27896
12132
63314
89472
87462
53708
92025
21207
68719
33796
35220
262
11532
62915
58263
95719
90165
16483
32485
23658
3521
93117
20440
25511
24408
68207
69599
34246
84410
55021
84484
73482
39817
64616
92642
52731
11005
37926
93408
93142
12796
8694
80067
42449
96508
44258
55784
15243
5788
2723
21626
25285
7767
39683
985
60249
98699
95394
78926
86103
98941
94196
77201
58282
46009
91971
56161
59868
66379
14570
33255
83188
56847
40377
34518
20563
34447
93564
50224
32357
20280
31113
48768
16076
7101
26269
13897
8941
23087
73890
9582
18164
44935
68997
44062
88121
32293
38864
60
81668
52504
41090
21657
74040
39715
75370
2
32090
85668
95047
79799
79066
90792
46042
16443
25694
13725
5365
49693
82014
44965
39212
23946
51260
96100
51464
77449
46969
39873
47475
43198
67636
58365
95115
52823
9350
56625
25315
11394
96229
77336
77737
15887
60862
8425
63677
22953
12571
10031
87970
32659
89966
99801
44385
44058
6108
26246
74906
55689
59517
28715
62283
29553
2344
29514
7368
10636
28204
28817
28006
95697
66492
76215
4637
74843
47441
74106
89254
27311
32758
27608
89006
38921
90337
93263
33478
22812
28412
94533
35562
67368
94398
65926
59849
5660
86781
59574
19572
99228
24592
98173
33420
55741
68299
86426
86887
54814
88429
99468
59357
39185
33768
51241
97727
39508
59685
8353
40138
40145
38959
55727
19263
60652
92410
39136
3603
23054
44698
6746
67365
98543
31879
46846
14758
78873
61576
72193
22924
97559
54103
32729
9209
33837
73428
47919
73130
68419
90553
37534
11127
24233
8716
95453
53091
17596
19740
94870
23631
65711
53959
35307
88204
44902
32284
41890
4477
70644
28355
5606
62641
75263
1114
9571
64953
92065
63724
20836
64362
15690
13450
39858
54855
97679
58926
90452
82039
53467
46186
1936
21454
2486
2885
82120
54281
36572
91345
4887
55324
13506
85369
39369
96545
2354
63212
29017
60937
65145
39651
88399
56134
45461
43814
23096
14917
48706
86211
93829
70671
41057
48378
39796
99822
64561
71605
48134
30429
64332
17397
6580
26373
50499
21650
4555
69921
72318
66963
54314
82005
64772
53057
88227
39131
39040
53994
50865
68625
27346
12664
45314
29782
60003
38002
11948
17489
47880
38401
14891
57035
67037
46042
86495
94061
93947
61128
33361
21991
19517
72478
38809
30773
78002
91495
6158
5418
62972
70214
74761
50548
66633
60951
6510
68060
71097
15023
84306
69008
40596
11056
86026
57947
12187
49623
97577
88222
59144
50228
6861
50073
6006
39133
76827
19922
7192
22067
30251
68855
62104
94553
91485
1044
28798
54405
21151
68744
15609
45907
48578
89509
75506
83204
53773
73388
1494
71696
75814
53121
23051
70466
27761
98742
33348
16290
79553
89480
34943
60275
29792
10506
77652
51913
24969
39794
76452
42127
353
91284
39599
66844
10645
84487
7499
15676
90472
17863
1445
86502
34869
33490
7982
76051
18152
73989
79430
59023
75907
49107
14042
63865
59297
49044
90267
61993
33513
64341
68786
49080
32869
98003
43237
11971
3938
84589
15993
42847
65065
63071
98872
83443
85706
85566
90299
56477
42263
82385
60281
68837
38427
45379
82398
51677
87516
36171
88103
36263
41906
73622
82758
51190
20344
5758
55114
66594
27820
25394
32379
3983
84609
45815
81514
76548
81223
13120
34104
24125
54218
95234
16889
59393
34145
54077
2992
47493
51435
77019
59879
99933
98558
16504
59283
75443
37568
62595
31567
45411
10963
52204
92460
99593
60774
911
43590
38954
85877
28499
49926
26860
70784
37742
27013
47231
469
97468
28811
48884
35284
75565
12952
38932
57630
65321
74429
24980
17727
49414
80985
95733
99727
49823
13894
72771
1347
19098
16359
62372
70313
38656
78417
85626
69134
3169
42005
67492
46056
86594
92794
21055
74537
5038
16376
71874
86162
14404
35604
29198
62664
6629
13134
25709
71541
97350
98635
15548
26740
29951
23691
41562
30996
56188
99041
57045
9591
91995
48623
14640
76698
88553
22771
15698
84916
3335
68975
47032
96200
3624
2752
18847
78126
85825
13468
57550
73276
47957
60374
237
11491
9787
62628
83808
34839
35369
63767
21019
83389
76078
55848
8184
