52292
4458
55113
20020
15941
12585
95737
96742
22519
83978
24340
90303
79528
62546
81815
48993
34991
57802
36947
93973
61527
77940
50170
345
37061
96600
31275
59008
98474
84830
31088
66457
78945
9364
68171
48395
52368
71094
80753
34832
98931
33501
11403
69304
74787
69805
77336
52876
15733
39719
52809
94828
29907
91973
91706
66213
37731
77102
48195
29910
98672
46557
11269
51395
23890
8775
54993
78108
11393
10627
20455
12135
56103
13539
87706
90845
81029
37567
66367
33219
7738
53865
32141
5760
34436
16212
63105
11226
18140
35651
84456
5837
63825
18816
13290
6207
7867
10114
6033
55913
45712
726
50292
83449
94424
93226
10194
98243
99620
39667
29683
39486
93248
3069
21773
13729
83798
27524
23434
31472
13723
40512
75560
80484
50223
52506
95366
54080
84992
63593
44639
86346
6154
34591
61370
33053
71314
30998
14628
77000
54497
2143
62921
29551
61752
15029
44835
46341
10248
22580
7388
74441
43950
9454
82354
717
15294
24995
53667
76660
96757
82622
20117
53702
98811
77620
46647
74797
61477
51245
14899
33028
55546
8016
29023
26042
76497
75220
6325
6323
39244
78888
83984
51622
85076
98906
2854
57296
93479
57406
87266
82895
51038
89222
25796
69008
67162
40942
72119
77207
42158
45979
27348
95866
86984
27079
35675
97689
65988
84810
23673
30994
84073
40829
40247
76099
67897
18123
9053
597
97114
56899
88073
2885
26096
84433
42100
41991
99208
79949
73018
13577
3397
1487
20077
46908
20734
70682
37750
65675
40494
43564
82311
76736
65481
30693
89911
25151
508
68343
8744
81337
42305
83959
55784
6732
99582
43723
4609
78059
59597
17839
74998
37071
83278
49996
87271
72621
54808
71513
64750
34981
33550
57758
16235
28471
56301
84717
7099
27850
16049
6948
32333
16291
99811
44677
37817
48383
2542
37403
97127
265
46757
94142
40327
80815
28189
46333
48514
42773
76680
88392
73244
50734
68463
73088
13572
34130
51084
14112
85024
77655
45467
36621
44656
79022
70922
8041
94255
34482
98419
76031
69748
96284
75018
38264
39084
83002
78070
69581
73098
13652
51674
36045
24315
79556
49813
32579
47153
64125
60726
91107
19675
70015
15261
19512
81797
15598
88334
48219
87788
18215
87059
80827
81926
90386
81749
68013
45343
36985
76673
49744
29351
56287
36331
39899
85995
15909
79960
59497
30068
95824
32097
59978
18510
64960
70247
16395
12902
85319
42034
11839
98654
18157
33711
79082
70536
40407
59479
13143
58367
66374
6811
19404
58943
9675
16801
15861
60714
13444
547
65258
96244
23026
92672
73087
34147
74705
21301
50825
26997
26434
30175
10283
64581
62124
23036
24565
42943
59722
13033
63882
48802
25137
50615
90383
76208
59003
72211
75106
37733
41351
59003
82340
6002
90427
20156
51915
23057
76245
18119
98304
44804
46871
34954
36966
45726
56015
38107
42937
95069
64219
41657
44473
29866
22695
74785
55403
92461
38868
63049
53859
70591
65703
47
22190
76630
53098
37117
73098
29252
48953
46972
439
55556
39952
23496
9622
14620
77665
64416
2161
54458
44270
46148
11704
53540
74020
40847
14743
65309
61500
44543
68186
79546
55805
82192
58137
37947
60954
30612
79462
92980
37175
53454
4100
78817
25122
73726
37591
71108
95686
18874
7908
48345
61703
60980
78447
31761
74735
40406
27905
72975
69988
5039
93772
79013
15543
19252
33299
12868
68233
96819
16057
84415
37832
90241
25582
51294
13668
25255
14104
82287
13323
3820
23973
96717
71779
11439
62191
82612
1207
55398
90269
13606
16498
29380
70713
30011
39730
46839
93498
22972
67959
10662
91195
62347
13016
89846
39766
38658
99444
55253
33564
47454
37294
86020
17681
30387
70159
95746
58578
1514
35651
43346
34755
29598
65499
87284
33296
17597
95453
13873
45166
19069
51424
20442
62483
57876
27585
62365
94278
72355
74589
79331
33838
88041
71644
674
30299
34053
64879
92190
39938
57419
16221
47613
58485
56905
21986
46724
64785
53315
28423
99086
38257
36764
92654
67466
47858
83102
11766
18240
48647
11428
70256
77420
63537
62562
36588
80417
72444
14370
73327
91254
78824
13997
12114
32657
74438
99360
84700
12308
77210
2632
94323
52520
74155
77026
57886
30676
61622
64817
48748
16008
38471
29330
22331
44647
74304
6550
12359
9328
44497
93012
44206
52746
96548
75834
23660
44282
88117
27991
24352
88654
16147
37383
15150
62038
38587
11754
40037
96278
75480
3194
87281
35056
64572
25740
62157
67219
38096
97498
8060
1928
82009
24742
4515
87925
36715
59615
7429
94895
99204
5333
86845
68775
90508
13208
60571
44822
59534
14340
18181
52369
4571
55481
79274
73376
7156
63382
32253
23297
89473
44808
55505
7188
26113
40478
31521
66635
63758
90324
26320
73761
28221
34751
21499
47451
27320
72000
54263
63882
90134
15242
42018
8568
18507
44695
42394
70315
64978
29839
27044
8876
92879
4720
28075
37531
18937
15355
49724
49429
86475
22430
24665
82252
68194
34753
34271
59613
51517
69340
5268
69556
16603
82544
41346
40646
77406
93305
47661
54334
19497
24372
58576
88668
34932
20267
84555
22837
24008
61799
52841
44699
6563
86080
28322
94104
61307
38304
65978
43721
90720
26940
64333
66017
91136
27525
60539
60150
92925
81932
32048
15760
24039
69733
47243
71974
41704
86205
37994
89446
71667
47584
50769
90808
92151
58289
69777
40671
567
17149
95522
30140
5027
10088
5263
2772
89822
35226
18013
9038
14301
33037
36075
4537
17956
48983
37508
13569
21012
38960
49540
64161
29478
38910
41564
63214
76339
59135
38237
21180
56461
31121
68109
54523
41791
30086
31267
91172
95551
20017
90705
79303
39382
19610
66412
52985
65787
67311
38628
39579
29696
71570
47300
3256
97637
68456
8408
6603
80732
72947
54732
37980
28620
2465
48474
96186
15414
71690
6306
45913
5927
6159
23540
57606
50661
98866
83472
23551
21418
38847
90374
98356
65911
73623
70175
46474
29383
28460
41589
92016
63973
94497
72210
56803
22474
15151
99105
41491
12123
45558
11440
51538
66179
33376
63907
94899
76316
70934
14014
81561
17240
98477
53752
36363
86408
96203
36721
96037
76409
88773
85466
98978
95280
192
636
92011
50917
39189
83462
72222
19764
65683
26177
53947
27065
87420
21131
1063
76241
62547
88732
92979
78313
38666
26733
99051
48820
41825
38984
20643
59271
39936
10447
22629
52982
44266
57087
16855
60965
79948
94202
78963
82580
51839
34817
76892
27790
55633
50944
64528
53081
35736
4861
47156
61524
71267
84966
56734
78948
79383
61357
84478
62798
61238
9958
5847
48053
79971
40853
98727
85414
52471
6402
99480
81001
57024
57806
63488
3912
7519
64962
96905
88271
21522
13772
4587
19747
14341
47511
55473
63046
84088
24424
1213
56502
13788
22420
96386
72645
5767
33534
59413
19506
80794
55779
82099
36426
19898
8077
42715
20251
308
65153
2619
3067
78603
33568
69664
91002
3976
67550
92954
65105
2409
53805
13012
39991
58579
78218
28996
73627
36515
24137
60348
22582
22256
41916
74084
41009
42225
72402
20921
28801
9523
3310
73530
44585
77050
86682
88428
12618
31097
48121
19363
69140
42015
74011
94532
13374
99555
71673
32557
51119
99668
59173
12870
44748
16825
56483
35015
12447
91315
17739
98327
51643
84545
65528
8571
96832
6996
62478
71328
60393
3287
82832
63270
46473
86719
27283
81933
72678
51675
58019
62208
82027
56462
17754
13475
78532
61404
36460
75170
73759
27466
22577
10529
88848
29181
81672
58367
16744
12328
4844
40969
12750
31604
21590
82505
48019
36415
17447
26876
30249
33986
75372
56472
68574
48109
11695
4066
35545
9156
42360
18901
58078
56406
33288
95005
51394
7230
59852
94873
95221
49380
24792
4869
39904
42392
61319
40037
21574
72022
78755
75530
60172
87682
91703
19391
11845
66985
10605
57215
48142
93815
61448
93014
38432
6731
45469
82615
19073
73049
45895
5998
43160
70620
38056
53212
18014
14105
61684
4854
54095
45426
69739
72574
68674
19173
76813
27648
10310
52825
91992
86407
96080
79006
35971
40148
82529
32351
10297
14110
23401
27119
7816
15234
2494
33347
27689
81603
68350
39116
85817
77841
38987
94420
92055
90203
89539
68154
99303
62701
83370
13913
16355
81305
58180
32557
16374
57155
32545
39926
65871
81631
55529
96614
45296
26286
82222
33378
31661
38821
21450
10541
66032
42659
68393
82643
34332
82132
4512
667
48547
67910
19886
73273
27282
67994
88988
25822
39526
58475
9907
41314
93559
95214
99153
40962
24148
92702
19450
63741
55456
99575
6280
34047
94558
41625
50471
64530
41017
62597
88717
27172
81667
30667
51714
39862
76554
94241
20431
57989
31941
64521
45078
31006
99350
74298
88425
82420
35794
12498
65420
98368
9671
62251
64398
64676
39251
76591
51685
75241
6226
10361
81061
45609
95503
89522
52244
4757
74232
39745
88483
5405
38002
15051
32343
88571
20200
64222
90860
61630
81735
47792
96552
784
72611
71677
89106
68656
84326
34818
64088
45614
92592
97718
79647
9468
23587
66316
59931
62353
63765
51396
84821
95885
73183
7554
9596
6099
55379
77736
15252
18194
83027
69430
50472
57798
77889
66866
89619
10220
96072
39864
97608
42098
75108
44498
62184
20853
58116
23307
26833
56549
22082
3523
33484
8035
2271
60623
63119
40637
22818
61498
44576
96236
14750
26614
87054
38197
27025
53778
80220
63424
13581
27454
97332
31701
9981
97067
31394
48549
96921
45300
92146
51943
84689
83153
92539
95562
42592
2337
57375
91635
40458
87585
93907
74970
65484
41533
74448
76438
27039
3068
94421
48958
64465
46365
85791
71926
28473
32334
85429
71091
15447
46775
80738
30020
95771
260
80735
36596
92228
83638
89787
3386
32597
69991
93323
24264
21777
28992
122
81333
53053
72845
24126
95968
5584
84301
30249
25715
55754
86756
13273
44824
63718
4017
26682
10346
83287
23024
29168
8002
83243
16713
70528
92466
61237
6134
95819
85211
77624
41039
6892
69750
35886
56422
83786
28870
88763
18774
34983
1390
54747
10339
15159
96978
88314
12245
21798
96759
59066
38080
57937
84700
59908
