76799
28406
66111
15921
83405
31952
3585
70247
3478
56436
596
9013
74329
7577
28192
16496
76315
32080
70849
40665
45071
94571
71928
22646
23542
96047
34075
11136
88394
36936
80669
822
60510
63082
36123
8198
62496
71384
62619
25584
17441
93292
98747
74760
92697
19008
81588
15285
79986
73001
97902
49389
68926
2294
2418
5298
14844
93025
61564
73880
23792
87877
29589
19719
77715
37252
40615
87020
984
80424
5002
73215
25842
19424
31285
48672
48775
18034
55971
59639
82427
31009
52691
63333
98405
44554
9423
9061
25158
88052
7965
97298
12086
59192
13341
19855
96144
89899
82502
8581
10416
68823
31448
97482
55494
27685
57839
33717
13956
93374
2158
56605
25838
5466
44683
607
58742
99691
77802
68188
18
61909
63594
61522
70491
64257
85161
58203
9250
5398
26853
65433
7272
90174
73291
89606
73995
480
25
13782
5404
28786
39695
84201
84830
68517
46720
68859
88351
81339
50820
66052
85555
90449
85095
8905
23376
81060
97923
33068
55834
24545
9581
49091
35719
81067
54304
88416
15606
77054
56377
72518
15068
98471
24929
88385
98552
88622
16210
40369
74088
90085
4462
88365
66879
24381
22884
75360
43768
60119
84711
93556
64678
80599
71135
37626
15362
25253
77513
46065
32128
45779
42297
37190
63680
87486
44070
5030
27822
79094
41313
52149
11497
90132
46752
1406
31455
94057
73582
46715
19854
57383
64381
74049
24167
60312
15187
8265
14001
42801
37019
18759
68787
61434
54992
47525
79759
37153
31261
6897
37255
71633
12140
31039
90072
10956
42066
55236
57485
39257
57465
40056
46490
92149
72126
53678
76926
89965
92332
74987
45382
4260
54805
82475
65104
87492
63414
49557
3620
15471
11640
75604
2390
14862
16939
43807
3502
73968
60452
11929
27283
63971
20901
10078
41696
29970
15049
40795
39444
46406
8771
51121
91956
69817
42561
73686
80781
63409
23207
14475
16370
12524
69412
98603
41823
97860
63289
72243
84932
44175
51946
98789
65657
16188
63792
80428
88171
90565
52722
82445
46703
93081
60008
36946
52624
53462
88497
55083
46579
96904
16642
82473
93920
60892
40911
91152
74331
98701
24291
13261
67215
6837
45885
86574
3288
92681
92015
57
99786
80729
2757
98839
21808
41073
89537
32283
15503
12143
69159
6298
40192
81248
17564
31598
85982
81063
32668
43285
1005
57984
9757
3994
68165
69129
75229
92719
65106
68788
94866
24567
13097
52242
71371
42829
70619
35134
72539
74100
55667
59928
86246
39626
87131
37545
81329
71591
20077
51840
64478
91786
12376
77374
62407
71890
809
86803
25870
9560
83672
53202
47499
22557
3842
84783
8954
84375
1372
64722
24568
99104
57911
7165
28426
40748
86601
82022
59748
62746
30541
5751
37465
17163
20547
43132
79052
9816
8645
15846
10955
57554
37556
67754
38366
6972
28451
93836
90630
20025
69315
37
35244
31341
64501
24645
58154
34452
62382
18310
41027
59746
12520
49465
27150
65619
16319
74653
56796
76148
25895
89139
70201
63504
14714
52198
21663
91448
90543
63601
21832
7381
46336
53053
26946
94793
47925
32756
23485
75361
38702
54732
14711
80519
984
9194
1514
96026
51321
98001
64216
19872
62756
18119
94209
63780
871
93998
94767
71664
32437
4907
68861
24576
15588
63556
38502
50978
8654
15650
94895
63650
41125
46588
61620
81
74726
1108
64071
51896
45139
44442
37562
30685
15657
19441
73780
32542
92894
83108
680
31688
51650
38120
14456
54746
91122
10178
33883
61542
97889
60397
27095
85769
22420
63437
68797
69386
85365
26745
21927
58354
