14075
88235
8860
5454
50971
41234
51420
86598
85557
58518
87893
61781
64515
56255
93215
32775
39098
49293
43454
91746
27444
92847
47477
97229
5666
97690
42314
68438
55760
84904
22092
82768
39125
72135
37753
76311
83302
12318
129
15252
66544
37929
42516
27205
59906
99112
50541
55886
39776
22396
46884
29935
15103
58200
26365
17274
23082
29991
72890
70099
34606
45682
53956
52380
76563
82748
80685
81731
21874
12553
41743
10537
20158
86475
68080
17449
41994
66724
62051
79647
87987
48070
29270
48738
70172
83241
84485
58702
7796
94366
63754
53001
92073
25592
64400
29780
65269
67880
51486
69030
28297
66000
14972
23648
37978
99862
35245
27528
80243
17580
16379
98117
8730
86041
76259
88332
19635
16265
40622
73287
93086
15450
74096
40966
68968
15380
95486
92821
40803
27722
66828
50172
45150
80762
16164
5397
95986
99255
52494
53061
63588
99312
58062
85465
25689
83629
97874
39524
25010
38873
69296
37467
51758
56660
25588
72532
32262
22319
46398
52640
45657
41506
95537
29989
9361
3759
1744
12563
71063
14181
21703
74750
20065
59724
96230
58572
83981
14898
90324
84476
8230
33254
15699
71200
25150
15613
70448
97932
7212
93754
94635
28760
64514
19173
32909
59405
90585
521
15656
39241
82503
90444
18704
67850
61436
82831
38300
64626
97913
44825
22822
62427
2518
74474
35636
81803
77134
44529
84513
1059
34495
65628
42202
49184
84496
78025
29
13656
54583
59969
41803
73186
58508
23033
98851
36639
52824
49891
48663
93719
23739
18454
49404
60418
28268
47756
60469
32807
73119
95641
85297
46447
52332
36025
86802
75492
80421
44389
68087
95516
51603
24200
81490
77163
27696
14032
27587
73896
7334
25444
32380
16447
57406
75060
45741
29011
93924
90768
87057
37799
84057
91614
75064
51238
3624
63697
18027
52944
25059
80276
7691
63517
29756
43277
55867
95295
35604
55533
36014
45371
5690
68343
43870
46504
57316
87307
70959
23014
21858
60911
92698
79273
15449
20943
8893
82156
68072
91606
38547
85572
24381
35043
63188
85173
73395
55006
33364
84409
86194
37542
1452
99255
40856
67791
20606
28286
92075
25409
54455
67202
99252
27597
75069
52476
61342
58372
87742
77480
19313
95458
10306
36280
77817
22051
51978
15203
66496
89729
82141
70385
8353
80891
53014
659
87673
4378
41800
49481
13249
46289
7710
47043
53971
89541
17169
34258
83339
10302
76515
94018
7046
57235
25710
51942
63506
20328
88830
98751
81037
106
47523
29503
47400
95152
2165
91079
97481
36113
12098
78672
53117
7742
61112
24417
55448
17043
77261
76915
14602
85198
47132
79075
64162
63732
3820
13499
48555
1224
35200
99614
90373
15897
54442
94789
81591
61538
98293
72876
17751
9461
70274
27933
47424
7593
25763
78339
40558
19273
3811
27044
88853
89003
46590
67433
38870
30092
11542
11057
24289
80076
73546
53458
7621
23752
34884
87369
63616
40823
9273
18742
36716
95379
22916
40426
83139
47854
80306
70683
64500
36558
75429
69382
94382
45548
90035
3317
51831
48343
9820
43984
66505
92868
6646
46047
49033
71997
80324
72807
87112
6245
27036
6180
52996
50347
3120
2999
71203
23893
82733
36907
76677
57664
65816
95660
53046
41957
78822
87371
78281
60930
24826
46009
20729
97886
81911
16459
22378
412
19168
42461
78162
1422
98131
76968
70226
2409
54183
83785
44288
38585
7205
1769
21570
62085
33697
98450
24278
99065
43589
48629
55166
59252
44153
35317
12466
2386
40708
85316
40321
95023
19200
19827
11797
23255
79297
21640
16692
62204
38290
94799
79547
41477
5869
20057
64621
87325
37772
90007
34087
66823
12315
41490
13265
7195
38004
89650
82458
14247
92667
8001
58802
67884
15016
91886
53506
29847
18026
88952
89953
59001
70212
79534
46370
92948
95674
42305
43111
21185
76647
46125
29065
44708
3395
67688
34324
89674
5387
46404
46932
18635
15007
52882
40412
61865
60472
65453
25734
73404
58127
20360
26471
1738
75991
25560
79140
53365
70183
5523
42038
19047
53783
74979
55387
27136
43699
23267
33181
86157
45302
27723
82861
79663
76846
4537
42776
80432
6121
48526
99388
58153
70299
9489
96243
65053
76633
2122
74982
97252
36399
48911
94998
46160
67438
10975
62819
73870
11643
70551
64898
69210
52936
90601
38213
67050
88520
91975
31930
42438
1654
56630
10344
23247
7693
86605
22428
322
96803
22738
16520
52438
76570
54590
10062
44926
25599
33596
33721
5432
5254
35120
56887
28027
40853
1979
67207
7781
75897
41856
20699
61904
23346
44168
946
50677
86477
28094
25974
71691
98513
32793
19631
64229
35016
13320
20653
27183
85936
11250
37047
23511
35236
27779
66041
16968
85185
38839
90565
62769
79698
56718
32076
52805
26494
60768
86512
98183
91408
90925
95250
17116
39813
22144
6197
84560
29936
15221
61431
91490
20735
70119
7356
56373
43037
91534
60863
29091
96825
13307
80769
28513
79809
18199
87605
58858
22858
32627
46837
57162
6392
72132
80676
34393
58484
62709
1861
86158
90232
65503
69166
65416
6839
88008
48807
29274
43914
73562
28593
94690
17616
22747
72312
63759
44599
15258
20754
8304
83104
68864
42701
35580
70055
93281
14345
92196
80731
71072
58781
1705
17320
25179
8619
72819
40598
13186
64173
59868
95004
22185
7339
4828
41543
24859
96953
41161
5239
97395
15296
93692
64245
92867
57367
65881
56307
9942
54660
66113
54870
96076
3381
87992
71951
76795
23422
26139
77799
8242
8836
78618
88382
8842
43204
59874
60929
37779
43971
23940
55011
52882
68691
76670
62082
98635
63089
37899
79911
46167
55958
99677
10023
31421
9108
15083
86024
15150
11955
43674
98615
18927
69795
74204
69137
75065
72417
43038
37618
65173
45420
67544
73634
11976
80460
17762
88644
32133
12613
56766
27044
53957
63141
90407
39807
53265
94185
80477
99402
63020
28227
91875
97546
68004
69671
63938
78431
4445
28459
18904
99173
46339
86379
46310
76572
75150
65568
31162
74635
97635
55684
25823
10871
97740
31304
837
11029
82819
44363
48263
21732
11877
7752
52622
98357
74095
95709
89169
21569
19610
74197
56968
60065
31300
40211
5122
89358
66308
92801
64511
96869
89072
80548
54530
52105
63837
70365
94557
97373
73945
60679
13285
19258
87615
18432
15515
94019
95529
53782
35694
61066
4196
59006
80170
67866
80905
28814
36071
46902
11015
48143
3688
30712
46382
80456
91376
84576
94942
14690
97245
38093
25753
32206
90298
26640
41273
36431
95158
11658
99190
47394
79172
34710
49820
903
38433
74437
91926
7875
80119
17816
39714
23159
2593
27528
36857
45167
81790
85799
49588
17730
82700
21708
20199
33808
28132
83768
64756
47058
73442
2486
54362
81688
55531
98631
28052
93676
7195
32123
47155
77126
53753
53723
15952
28373
37931
17118
61488
77457
51051
32537
86624
71639
83882
94686
84686
48897
48850
97579
31556
70645
66833
56750
51581
92444
56378
95368
87388
39009
10945
14943
90502
15592
651
63579
89600
31642
88999
35158
86316
34614
12198
81368
74688
51915
28946
95143
79657
17180
11909
28876
62481
13423
18656
43669
46480
88
49409
46933
75224
3614
71760
64781
27092
41855
68339
12986
75078
21542
42470
75647
98777
94950
98938
74256
26675
87017
2272
11530
11192
7420
3318
4139
16369
43404
16378
76379
28637
88692
23822
72878
84825
1359
82837
62576
48363
99297
9851
48510
54577
95744
22180
68343
89052
49300
23560
69111
59214
53003
30508
66326
68613
15187
49802
52349
5819
91261
33899
1872
15422
9982
60724
33365
27301
397
7031
24519
82165
66363
10392
46997
6281
74388
43910
81206
56414
17531
59843
95359
77141
93156
93600
24727
87073
85611
57959
66796
37906
76202
98830
15937
70845
12338
28543
97226
28580
55296
387
23238
67857
91807
38992
89888
57591
38472
95174
47841
40573
90038
50965
34508
82968
62609
60828
28341
35158
61136
78421
91902
79910
56855
84782
3104
49406
94800
3436
35036
51378
64167
60679
33992
56402
54953
25176
62539
63345
93223
40004
19936
78029
94256
42416
25713
11357
97980
51842
53877
27485
54278
95014
35035
50036
7140
28653
1581
64940
86072
14703
37173
42173
50789
943
5863
35469
50944
60613
78532
9044
56476
48731
44708
83413
86159
39907
96345
88595
11998
22696
96838
62298
45372
38921
3324
33135
17156
72908
93203
84464
48525
15192
56891
3177
71747
48012
57947
79528
998
25785
28999
39072
72059
52777
67341
55841
66766
92279
17555
17065
13132
76886
80211
84068
5332
27836
65477
21430
19052
32868
18363
47028
7200
76715
78381
89312
48553
66050
544
24947
87662
41642
56929
9920
48166
24435
58428
10259
23643
99413
84841
84717
50218
1382
88158
71086
43400
30130
38597
80236
37912
88996
15964
7558
3816
10453
9840
30176
24776
5092
81353
70093
15064
46266
56494
68409
20739
81655
66411
33787
97409
45144
23617
99544
82094
27664
24710
48066
79905
54009
1
38685
67630
4177
88351
5710
75769
12368
1537
77023
48176
74572
56659
425
94171
96526
97357
54911
41843
17832
95028
67075
73239
55166
19774
49053
72221
17757
97455
23740
44014
61674
24031
5445
71790
66008
91261
59711
60137
33615
88880
74730
77825
41866
87527
38595
53037
94744
73994
31574
93053
56587
5748
10642
97369
79946
75251
84735
8318
75267
26233
53455
96483
8480
43875
9449
9547
54084
48758
85212
22688
75949
60480
58774
16245
55820
60993
19548
72062
40351
80009
35541
23822
31555
45215
56229
18596
2630
88600
31543
46988
81417
76824
26772
77419
7100
38380
65609
86502
32276
93176
39130
11879
12139
51220
77201
66528
95289
36255
90610
44244
6549
7448
57178
14869
91170
97690
43146
54788
71960
60552
22361
83347
56079
19641
80064
79025
16679
43872
65546
30585
66024
30062
88502
37861
31373
60322
37600
14471
42674
15864
36599
60433
41969
71120
43291
66554
28449
62492
39616
84383
60176
24583
57478
45654
43812
13423
34113
43359
57002
90971
93309
92930
64620
28117
4328
76486
9674
94410
79077
35702
82450
41918
29911
19583
97336
57909
25353
12258
35776
56438
49129
62894
45933
2484
89058
14939
24896
13923
56706
85088
47646
66405
66100
73758
48489
34136
80421
98305
5304
35579
69227
27811
24710
17250
5624
64011
77124
1092
72725
56758
84692
41286
41783
64415
22206
84922
30619
69634
51368
7602
50236
39239
72148
99829
99995
73253
41481
12951
77255
22580
79180
34460
26103
67478
53694
51621
61595
39644
16217
79657
70877
39614
30675
76177
10637
48123
29205
37008
91497
55198
8055
70319
64297
33957
67156
75643
664
67440
88149
12371
90809
96279
40280
28290
65197
92599
1326
32911
83554
81281
81574
42617
24613
23540
42926
95074
53055
49781
12279
28868
36327
78748
98613
51024
33283
88253
36600
69803
79101
9067
96040
53124
46419
98086
16057
83971
71402
9420
45750
23311
95209
22837
98881
58328
86294
7786
59159
9206
77056
98244
4834
91203
69508
28691
56557
80447
38986
34764
90843
11642
92338
53484
2978
43798
17623
67404
47842
66146
95994
24664
34863
80516
33334
32608
4219
88805
9058
66519
65379
34507
32660
56964
36235
95858
44684
19346
81301
4792
98190
67505
10845
70685
9177
9517
69348
20786
70010
58358
11265
30255
78600
2656
34855
3910
47875
73514
20719
89036
25046
12198
671
44059
68237
90488
64724
61390
99208
60580
99190
44426
75275
14619
37324
68467
902
15353
95383
13220
30068
18796
61654
40613
94171
47459
3736
5767
27043
88363
60224
31304
48622
83955
86988
45534
11853
55970
35322
83633
13622
52431
49539
77574
19810
36138
84916
15345
57011
39414
63447
32920
79030
94300
4454
13464
24954
9997
89880
7434
47414
10098
49951
54498
4595
60974
83928
83633
77619
19669
62746
91263
96124
4742
95661
49004
29150
46729
81330
72319
25933
6241
5322
89330
71722
57184
90631
85058
57469
20187
55553
60526
49025
97051
84148
38433
81445
869
68528
67529
97041
98454
39317
26367
92045
81786
60910
3727
36039
63456
31517
37847
80754
47368
94495
29462
80412
