27372
81062
94703
18792
16379
69418
70686
47486
99563
7679
59694
43968
99718
26989
98167
35843
65451
62677
99968
53830
5916
72700
17638
38752
23184
89912
55448
97204
91614
9574
16069
41752
5533
20673
61204
47693
66637
99819
93197
7731
10752
99940
19409
68357
79940
82421
44076
87291
30408
61034
43373
60045
29271
48699
18599
25457
33955
24050
89665
75023
66850
63721
86479
58879
94829
18473
19353
2524
98310
46457
61239
22645
67802
55354
54352
57873
97172
46584
61687
10872
52395
99450
19924
31821
82117
80801
14433
60201
2080
16702
89325
81730
29330
16577
25931
50332
64073
97460
71628
71256
17167
16196
77575
40754
59446
80840
8724
90159
25418
79014
22368
87806
38362
30584
72534
10888
36439
44793
86675
11194
70162
37854
78428
63581
10401
46027
5570
4133
53099
51306
55888
36123
31941
22129
45304
6229
53469
59867
42404
30892
50465
33390
91404
83255
8905
78595
91653
34850
61379
37583
5914
82961
55607
13003
11939
84604
507
17116
82304
61050
64268
2258
75943
33088
48964
69612
51554
96474
94465
66622
67771
49503
70758
99820
17934
40177
2273
9549
58341
9151
30364
75737
27985
66438
60882
49813
25102
54817
62563
36839
1240
20941
78967
84056
57117
36323
91792
67305
76170
84729
26586
5162
11513
59906
23280
72129
49896
98168
3370
26837
12329
4056
53235
19012
15168
14068
8768
89777
7757
83458
70339
33919
23133
74103
99118
49840
26817
67676
45831
63196
25409
27667
41302
73582
1452
86215
34430
40138
73968
37313
97758
91576
45089
76615
33375
18891
82368
39902
2609
84879
3658
57201
71836
63598
76819
57620
13676
5061
20096
31146
27973
5648
90627
77991
50150
53169
78352
53472
95904
6954
80509
47033
50666
68026
17900
17644
49839
92123
68318
44694
11573
99250
34787
43383
77663
37421
36664
36711
90141
65390
10225
72355
81221
29427
31975
22029
82489
22565
32742
3364
65572
31256
53499
19931
10987
93998
4912
23690
64483
19249
31761
66000
80901
35832
50671
18223
74421
78018
24998
11077
91053
39629
64251
63023
94316
66737
87090
42339
8257
96927
66729
34950
93359
94575
85482
70642
40287
76263
61215
94011
54093
68148
72646
53274
67163
88038
2701
20049
63077
98894
39565
46249
15504
37621
23573
10434
46369
83261
4782
5298
85720
92086
80814
70381
72120
93584
17507
79681
66807
10964
15905
52542
67513
42562
78319
67968
98512
16408
43445
27518
22346
9211
5955
29935
65636
3161
9501
91919
76490
39188
3730
73707
34230
13709
85712
45623
13523
57379
4071
62287
64467
29024
90150
94871
7775
55639
94715
8629
59937
50275
50965
62837
97068
43574
55054
53370
38146
71904
53825
14319
78414
75256
56170
44381
31976
71457
39163
26183
48927
89770
3056
62274
56869
66558
40255
60213
39225
28464
22546
60994
3516
14419
78137
19990
11590
16814
25479
17658
40794
54278
54384
98462
20134
23782
96592
10755
38739
18148
7754
47827
55258
36560
90675
70877
46304
60284
25730
28379
19658
13595
38498
73093
83672
80734
26961
17957
8140
3779
91023
65127
33901
43391
55626
88637
88525
44698
55423
50477
43649
13914
53731
82305
5893
77833
1412
70602
67752
67930
2357
41752
57439
43598
41416
55340
17427
44882
47884
78939
10210
44112
13096
35672
96859
47944
54183
87065
58978
86588
17726
38004
