77482
12151
20513
45403
43694
30574
1913
28244
22734
64569
16545
97065
1518
70341
22711
22382
53250
37922
17980
51529
1400
64804
93706
83538
94624
90468
64217
24656
64238
31102
31000
4465
20324
73476
53244
41301
5153
9634
35265
7454
63319
19995
8634
59575
6844
41435
82216
67803
50469
89046
56886
98295
67454
35541
53330
78158
69436
90634
81144
99253
45221
64241
85323
97864
2892
41966
42309
80945
47178
49108
41892
56480
89779
30269
83550
65399
34170
25699
36253
5593
98395
82589
59237
84753
39446
99812
57975
38059
21062
67981
54308
99209
23102
33193
82636
18832
25159
82458
85094
83014
9635
21581
67809
96509
20262
92107
97601
60106
80868
52992
63909
89736
26177
34751
4283
96060
21530
59112
93388
67609
51623
5562
25311
77987
39731
97712
76829
68221
18325
76991
25353
39013
9620
28962
9421
24492
90297
28435
61885
8988
8481
73534
16362
91415
93068
86014
86052
98060
45531
65398
40675
93868
32623
97844
62080
44763
4691
37186
41977
39131
48819
95216
96277
85242
48597
1019
9706
63245
63052
15055
91612
25282
56107
12698
19319
5356
4926
84052
68913
21755
90579
32133
84985
29182
27706
89873
20683
5143
21185
17917
87281
35752
47306
89810
88558
99772
44519
18916
79410
36545
64585
32296
80412
23397
78770
50790
460
81178
55720
91645
68146
72777
27735
70317
49209
58784
40409
41432
32145
26891
36909
85412
97008
17219
62686
16883
43455
24417
88960
63747
43239
69229
44100
41684
99661
97131
10809
27839
41876
79740
94034
19586
55508
65864
89619
49521
52667
53390
86915
16202
14267
30648
19934
81666
95437
66452
41102
81387
70863
11703
29245
90071
11049
12290
59200
87595
22787
22898
54246
73376
57515
54489
14571
84590
89797
84328
65042
83925
94798
6795
93808
95920
8437
5656
59582
87446
36794
84010
29943
7531
92377
96849
75579
24449
74038
92976
86139
23920
74595
87948
92174
61226
95621
57806
74656
92209
72422
64531
18633
43354
63856
98475
20829
19543
41454
50481
92310
89578
20199
6935
6846
34184
9358
94730
33171
88975
25938
89890
55079
65719
5579
43594
27131
89286
66173
72358
35740
44737
27965
5357
35468
89307
70599
81180
8624
47404
12338
38733
52581
73229
29603
52603
33702
35294
96004
21855
59370
49815
9204
33080
