49461
21654
22823
14995
2107
3656
40934
24435
36145
40679
67707
25647
95939
97117
64233
75355
37708
3959
62444
63786
31222
59562
41759
41128
85385
74956
87862
34041
70872
67058
20511
21269
47462
72790
38297
96093
16313
29855
17459
55174
8142
45820
19098
18283
87126
56123
4607
1488
97298
53782
32613
37532
3342
58829
12413
61490
80867
83860
18681
57206
92639
43612
30096
90595
46670
51094
40630
39564
69717
40566
6335
67159
45408
58515
32808
74437
60114
67819
78884
12691
71612
17382
50659
30770
65723
39789
86612
82638
94296
52934
89357
22677
94281
58020
42491
71868
72097
46034
62023
46639
98
47480
71038
3995
12661
86094
53527
71496
8284
26218
38735
98696
61027
35682
90901
87868
19747
21263
30939
36146
26802
32192
96376
48646
19222
68665
53797
62725
84864
76970
14054
57190
33600
60557
64684
7123
9383
87294
26241
84889
12822
27141
59679
1004
25907
11588
444
24701
30604
66485
71592
23347
91285
33260
33056
12337
27257
60006
57059
12618
36203
13575
80744
71713
41865
36561
76225
15919
30080
48921
95554
66314
6100
73007
93524
69233
53104
42890
4742
63121
96919
44134
53074
27932
85166
18537
1364
40727
70426
59864
7207
91666
46462
21239
36624
98287
24157
52599
1637
92790
49528
87508
30000
46957
60050
2612
45805
42461
47465
80180
38167
90434
45379
14376
21884
53549
88143
15355
48733
26267
93901
81711
10994
84494
9113
31481
89800
24560
14496
4652
40114
73272
33032
75973
71364
65718
99549
45921
78229
55578
48335
9757
99577
43869
50367
39892
35208
86398
84943
55137
29878
67610
61859
91948
41942
9092
19749
37360
50021
14712
13784
31111
15259
41130
71680
95286
8995
22430
40796
3847
36118
70630
71059
61542
32877
20051
78587
21918
94611
82833
13075
37561
93611
35326
8363
2197
80280
60653
30094
13883
21743
31431
46934
61315
21272
28453
42594
11122
79124
56084
