5198
35202
82391
55182
58143
68370
14101
88189
46650
85585
46743
90650
17288
80791
95232
51394
96491
83609
21929
58207
29899
78084
255
7081
42510
76087
69922
54273
6190
3557
73106
86584
38697
55471
75055
22052
74074
76343
14928
43217
38147
27047
3027
8180
34814
5881
79171
80860
98905
2055
73590
71177
99642
73154
66495
78321
85040
54638
25431
85859
42100
29070
10501
66081
10204
5504
76758
12842
25881
85376
70309
37086
95940
20193
10115
27280
92929
98505
70987
98225
42016
34843
34937
25979
21560
71730
57857
94110
31032
47340
6358
57024
89382
26036
55692
59840
14583
36751
3796
41072
765
15079
48811
84347
53236
98916
97820
78426
63638
84644
23099
91000
7585
11107
58824
61064
25370
1973
35965
67079
2651
63634
86018
33733
2512
5369
5243
98782
12900
21291
60252
73271
64147
49457
33069
93394
40132
2529
49193
80283
53637
46499
5735
95256
81512
89258
18362
2318
58513
29147
35546
27190
10016
5154
26562
32691
63283
85031
35682
13995
14547
25374
9189
54083
44925
38571
44105
69687
71988
5556
77968
21059
95820
80395
37491
55093
48465
43017
90612
663
83909
69775
1244
37460
52079
8009
68918
15195
84816
60441
46567
8708
84375
7951
68838
56355
45730
25196
90641
43980
62814
72514
31007
64851
65782
79696
40901
7113
11508
72453
65275
94650
2710
30801
49439
34683
42498
10070
47737
5978
40556
99884
28548
55264
74818
44215
33793
56243
78176
96486
43418
25538
63640
37699
15732
82991
23322
42712
23001
89891
36731
40013
78384
98061
2057
73751
55063
95150
60522
43253
31330
37058
18280
64922
56441
17092
83028
74131
21201
33304
23117
60629
34513
80362
25902
9970
52576
10395
78947
5611
80899
78453
22876
31564
70997
12504
27831
3891
63414
25378
26867
50808
86608
16585
99102
55808
7287
95679
32997
75974
41951
95598
15898
48510
81652
34409
89817
2536
52420
26910
85376
328
32338
43742
95972
42423
72886
65013
82404
84391
26977
77825
4596
29599
69030
22692
61474
81887
3423
2544
82693
64862
96872
29780
56612
40370
37528
1822
97763
87740
19032
63662
54045
37478
71266
37096
28955
88393
11229
70643
47402
75479
67235
91616
24998
97394
37538
22336
10191
57018
80546
56211
56184
16293
97915
76204
45350
17468
64120
38142
32659
76845
76514
34405
96611
14261
48396
99717
86306
41802
44303
20069
31449
98606
61488
58270
38466
85148
94502
15152
30395
19974
80782
4179
767
14680
14353
29017
42461
38738
32006
18540
81341
24818
21739
91867
91452
47377
76781
97146
