53242
40483
29880
87504
17854
89280
28454
70686
79146
47238
99233
27820
69660
53262
90921
61714
81922
85987
86383
66930
11223
54947
79609
2827
37313
74711
69125
95243
27834
90499
44091
68185
15193
2790
84757
24970
45519
20565
72467
69432
23481
58082
6054
82152
79931
78446
51285
44091
70712
78773
7883
30577
74419
6338
64728
82292
94532
92873
27967
96724
87016
95058
49076
73474
28382
33251
50303
89892
11133
27622
43467
79708
3640
41120
64762
36622
39715
52089
2964
67276
9480
95826
81387
73593
7624
34038
64954
53152
57720
33870
2891
68098
72014
64092
84884
48014
24924
45019
83887
60258
15477
20856
82363
2448
69016
58433
30358
46115
81697
14681
63622
87961
42686
56659
17877
45739
78412
62634
11382
69465
50835
80415
32108
25485
7421
70058
58109
50853
24344
12040
60088
68560
6424
19135
83704
327
7415
50500
85811
13014
12440
89810
3614
87103
80769
15846
68635
1323
81582
63503
38411
86141
67940
46011
8023
10677
24958
84966
80822
32539
96963
73838
23130
58137
45448
82702
1252
32234
14690
97229
757
99793
85136
73322
57804
60647
76026
80309
90188
68055
18158
228
1807
5914
55334
48483
48425
16231
48729
82034
94882
38344
52275
65303
64326
64529
99125
71082
78546
12742
89366
3999
15186
66616
97367
47476
62380
35248
23493
51602
34248
40886
99394
99006
21773
51317
18676
8520
92678
35567
5477
62356
21261
36486
52326
71476
24522
21815
55637
25993
4468
96583
52271
12690
48138
33936
13848
20112
16671
8994
86819
93198
62651
866
75779
44054
51012
61649
55121
73202
22917
38069
59834
6557
34352
71353
50091
7331
21532
93972
66278
79256
93809
88121
91165
37718
31388
70089
14192
88806
69965
17128
49151
22771
87303
58982
91036
98025
67795
14954
10442
64542
10234
69180
74577
51453
61290
41726
52856
22564
2587
31213
11956
85708
92837
75822
30369
27074
68142
3898
65656
30030
33325
22772
89008
29484
35118
25012
61134
47415
94028
74993
61162
53016
85872
75497
95883
91715
6268
3998
10593
31376
21769
51340
94699
81109
9864
91731
25392
48356
16728
62264
20899
13317
16400
32648
81162
16271
37959
1369
78285
72975
38318
63210
21685
56103
37415
54875
63582
6525
99850
401
29345
67257
42459
46092
54154
65050
70807
95940
82562
99805
99285
32767
40734
40415
89251
37803
22518
67125
47583
1952
39951
45118
64040
55713
76421
61816
29981
31521
46409
11237
73293
12226
9598
62775
64774
12488
9099
8871
99764
86063
3655
46341
35459
51264
41883
9451
69159
79328
82990
39385
75579
95990
2846
44334
82400
5242
36917
77239
52414
56089
2261
34042
57859
38046
9664
54356
78011
9179
23939
88562
24570
31710
55521
80596
1088
14485
69730
4090
32446
39085
81383
81014
58310
76893
61944
6595
70507
88143
23985
2062
88472
30785
63448
17619
9133
96941
34061
12076
38085
37795
213
42681
7370
33956
64716
8952
11898
17631
96076
7695
51291
55426
86270
72891
46856
56096
54478
93769
14435
76339
74832
27116
13022
59456
46949
45803
56341
56717
46886
94439
69975
49291
93100
55259
185
9816
37131
62574
32195
16974
41892
42487
55542
63916
41870
96095
21953
81912
88947
89027
77290
34307
75189
57910
13230
22695
89667
95245
76662
87131
10200
28165
95163
75296
52920
63710
25475
1719
2617
33446
8553
17451
25073
33706
19540
63061
18931
24185
33939
83373
99118
17257
92279
41045
16439
63163
34751
77935
8678
12064
94548
38113
47406
12979
84072
84460
91640
91746
81708
11978
84621
35405
28507
85263
33193
98772
73930
5022
90603
40493
67687
39083
23032
90470
80773
37047
77743
48339
52924
84546
86490
13517
6041
42991
31625
51389
33516
63802
74374
7283
73926
62263
94806
90179
4245
85476
21257
61443
42476
11345
33323
80403
32557
71064
7005
78215
95378
96280
33178
54186
68959
53934
81295
14653
28086
46707
99075
3476
69132
25058
35892
5352
69313
78075
52687
38420
81298
44612
34456
90974
3885
13678
52689
98639
77328
63601
34636
2983
87994
23147
83854
80269
31131
24641
62222
79978
72851
59047
87456
66678
72829
36027
22122
16009
77756
98219
30258
75738
72235
38252
55922
66282
78614
19500
34342
61550
30145
7096
80807
60622
2890
74470
15053
33505
80972
62437
69593
107
47040
32861
99319
80576
35224
76922
56651
37246
57419
9273
21618
13739
15348
3634
79479
65102
40694
2837
19842
64394
63459
66909
90688
65747
94764
6455
78351
1695
24462
85424
174
93435
76212
67284
90455
56677
33086
21713
32235
92902
45302
5067
37604
66059
58350
77246
7401
78150
54542
19988
7551
73623
83968
77208
83744
22145
71813
46671
98753
52068
28217
14127
17433
32789
54097
35961
83265
33202
31776
44479
27296
15569
12814
71148
25417
59397
67061
57426
73160
48279
36779
50250
78509
94172
47558
59819
82733
18194
63796
91015
6814
54805
40686
46597
86789
97089
16911
40268
5146
54866
12692
50753
47430
54507
46334
94259
13254
69554
59104
91963
89187
34645
43046
61635
47312
61737
99245
68069
67714
47264
15105
25691
95777
31584
38337
58509
35869
48014
42675
87536
51866
77672
25706
33871
91913
8553
52781
96809
79932
82466
62595
90690
19620
1860
79821
1597
37994
60069
38118
55639
55053
53133
2828
74182
3695
29109
96855
28254
39763
31654
75527
94273
75944
98686
66605
56319
45198
84028
90179
96346
49523
80239
99830
63081
78063
34160
41234
12754
84905
63249
7278
70409
1420
395
79815
69220
20562
17646
87325
87041
31275
5178
75044
14386
28
10829
79539
56080
93424
77651
23222
90030
10977
52185
95984
80856
50333
74560
70885
73608
58586
2984
8779
73302
32800
69871
42748
49758
20443
14560
97431
93995
36177
88487
90555
92404
55275
82662
84455
77985
65922
84448
3845
64103
62756
30857
12796
65569
42222
89014
48661
64272
16655
60883
43571
82140
98491
79019
25204
82949
18603
32851
77642
36253
33467
40879
60455
41704
44731
63167
29541
30055
1711
30660
76784
28366
82458
53081
7266
1214
52245
55578
2549
57189
79679
85747
76444
40484
50113
27342
15722
11110
53633
54685
12407
54062
40617
62708
36529
47726
31707
11535
68670
64854
41011
31656
10147
75649
21451
45999
15339
71815
69397
78570
45456
32856
32058
35855
25962
11485
45608
66803
871
23700
94582
29933
16346
90876
23831
22043
33261
96204
53159
51950
63838
85833
41739
74844
50981
66284
24498
38096
60604
24031
95904
27725
37024
20546
47901
46245
79412
96733
78248
97229
33315
54294
73085
99704
55438
68456
33298
6331
2153
26383
58069
53377
12605
78679
21018
27577
5833
37579
74387
95238
87981
54748
94981
2364
70445
64034
41906
21001
32741
80101
30633
86728
24878
2549
40493
44882
93216
86965
63445
99051
31043
9245
70821
34344
541
67665
21681
70065
46324
38288
61562
81710
22414
23681
63581
20544
84281
12314
45237
50540
55499
96594
53702
17092
64616
81185
49997
59658
61959
50066
38193
81383
68420
50729
79581
92726
78661
96993
3771
53286
39708
88086
78747
46246
52563
90968
30154
33229
99276
35325
6408
53896
80781
26200
70729
54212
61877
87952
63763
50071
58878
15023
21207
58861
72738
19955
49677
60535
65874
37145
61047
81899
4443
62040
40582
33069
39491
79770
77398
63440
80176
64675
17156
46004
20164
12733
6335
43488
14369
2601
85060
57536
67315
67793
51156
13035
86739
2448
61977
83702
76416
16231
62491
22146
90756
84
28244
17922
50363
63868
90012
70421
22544
59360
63323
29986
3657
7682
40487
30237
1229
8866
15383
7383
2927
23130
1959
78134
36761
78357
76265
26861
72298
76331
18805
34769
86211
41489
59082
69106
17130
80259
27452
38800
64576
96490
733
14436
44634
39062
87502
5103
1089
41425
36591
82393
84884
49676
68046
42722
57061
25683
19627
3138
40744
54853
73922
32921
46272
84337
81244
33516
20226
66757
21684
92743
23918
87010
56075
55705
29779
5255
52
74470
35138
57880
18028
21332
32055
20064
74610
76361
39129
48495
99823
28933
96635
90871
21507
65068
49872
69994
93304
47671
97254
24588
99938
35122
59482
16421
52776
25190
34027
93865
98168
55870
35194
35730
48656
42484
84203
86013
12856
81270
6003
30158
43670
3704
9946
56476
46457
22909
79979
92581
88894
73756
76683
5989
32464
11669
58264
10506
61887
1610
60508
25559
23245
98394
36767
94337
94183
92191
48174
78427
263
68985
11589
11554
60417
14758
58193
13127
91413
74280
29163
33449
26330
60652
36537
26805
5279
139
47156
26053
77952
88301
5482
22921
17043
28100
97128
41908
79193
18382
69092
32491
65831
62020
64974
94305
30128
67030
3870
92992
48257
21066
30161
20649
23245
29973
88085
4086
17932
24470
29769
66573
19899
55495
48287
4295
25693
18428
38371
47459
94271
69115
26545
37772
60340
20527
79744
68994
17061
37871
96893
5302
74620
82110
11442
13408
76212
87101
84533
18687
6246
93943
48244
23026
56910
7608
66277
2633
28700
85603
15484
37792
28138
16106
55780
13310
91600
93956
48299
68389
8043
56833
2040
67696
35383
1126
77779
11597
5378
57222
54717
2863
90081
67341
70070
39544
59301
75525
74765
9346
92948
9053
9415
19470
24774
3269
93895
7725
84707
97714
41172
45666
75850
10453
51391
62565
69183
79606
15810
90211
24091
46360
61795
52868
46084
42111
99902
4153
74405
33882
91962
43148
51703
76813
45133
25783
65552
20246
51029
24305
67297
14826
31343
77631
67590
72040
21776
18409
79915
34732
24606
58832
33528
27412
86933
66553
5442
68522
16374
64494
27447
43356
28921
43906
8617
55939
34703
88726
76361
949
6551
71112
79798
22598
43557
92943
18077
56458
37206
16174
53240
82286
71238
46109
42326
51185
38005
5962
76639
88829
33921
68549
47426
17946
4477
91485
66732
87917
45344
35970
59742
47088
30258
36073
10687
44271
28639
25335
88212
99915
96325
20608
98082
44558
71343
9229
11210
82428
83275
84932
93207
1428
89589
30361
17991
17261
85188
49600
82484
9070
92502
12836
52010
76710
28560
87084
56741
25686
62811
91840
28363
64742
24842
36602
13139
83261
94690
68388
22621
60871
10097
81689
86483
50019
54854
20757
53321
63804
50280
34659
44706
95974
57913
29263
5390
97736
15674
97100
8293
36945
72010
96011
66741
69183
52982
90545
78383
57434
95749
66265
75344
87256
8600
76446
83357
37767
72441
83071
99005
85257
81581
9614
78636
35864
32669
31787
95137
6491
9814
94241
59483
99065
81200
56145
22780
42180
17917
36663
71564
6361
69252
52494
4141
34377
80382
14000
29034
66460
18137
73868
57919
81767
78472
2807
74912
22046
85287
510
51675
11244
54386
36882
43515
35644
88695
58503
45519
3156
91216
88375
9715
57473
30766
93137
24377
83110
72203
91332
34783
672
87607
28663
41107
18228
97820
51818
43588
74305
54772
71073
17718
80738
64176
13756
92912
49521
65469
35538
76976
66800
31282
74634
15656
59262
22253
5158
1649
83453
34674
70201
50690
56919
8215
52650
43657
41572
18924
72312
93126
84319
68687
81629
30401
17732
96542
69051
24764
24432
79476
69112
40531
72855
60795
21281
9496
39191
42642
15892
46415
40556
5947
14746
63416
17823
75835
36416
45584
23049
33454
51889
34409
86065
86218
44815
28413
57529
47606
52505
50988
51673
44966
18722
54302
40901
69152
57385
25141
86605
3391
47523
33622
25761
20412
54079
18946
71270
16671
96672
37705
25515
60396
68928
9739
51230
66237
44726
84120
91518
73446
94505
13579
81761
96801
74720
69524
50140
39911
46599
51791
60640
9056
26550
47338
12636
42382
69887
70347
74571
74071
41971
72519
95715
85989
36439
46844
9625
60376
58887
60696
15703
36285
6186
44863
1091
89769
36541
33932
44182
3229
43500
453
23130
62858
18265
50379
38005
24790
9027
50520
43622
20346
63431
40089
81569
28669
70907
37882
94590
31085
5226
94255
4241
75685
4525
52755
33599
22906
15918
80135
60830
13307
74942
95437
96525
97246
86226
78936
87993
92875
21123
69955
67065
93584
50459
68916
74459
29011
86140
43443
13407
94705
14046
975
7978
4738
62445
31008
67423
88808
65111
38996
86865
50826
46401
90863
46792
29467
76724
62207
9051
52877
21168
39484
45446
59467
31472
51820
76513
64666
12119
21554
42711
89530
24997
9230
77983
31256
83906
94470
6558
47948
30128
78013
37831
50396
73325
12167
91334
42130
28261
67024
43999
25729
77115
18034
55376
98088
39623
96822
92887
90309
38845
