39858
90726
71595
45008
50213
63545
16097
72319
4835
76047
1969
18636
86210
17383
96671
64592
99874
18304
34280
88864
86583
42804
93973
1836
60936
88516
45063
26291
72673
19114
37267
32849
58841
59173
13434
34049
5125
92150
48623
90320
62832
15547
74194
83487
74421
23808
28497
69065
44876
9155
86771
27250
58886
93282
62028
94359
84455
28754
35991
71397
22458
37912
74547
74501
58618
89259
5720
13201
49462
46522
89843
56759
27059
63982
91366
76272
38681
43157
69670
30826
46988
10576
42279
99632
3968
24085
38034
48934
77551
66078
50056
62401
53677
35972
18769
56767
58586
11441
23757
50722
46168
8122
39907
54306
73455
30941
18069
98569
43668
76652
83377
30763
30733
16860
5410
59080
11732
63524
83529
42721
24524
94826
8010
88050
36592
98296
3016
29644
58149
70204
30966
46236
57640
95497
39536
85882
40994
20926
62302
52100
37325
25516
41956
33318
93271
87163
31041
41645
15724
41893
39338
63798
18465
33206
39302
16972
22046
52903
11365
45481
28219
81973
9449
90212
40352
50320
53710
12250
29444
47514
12296
54452
51738
33263
16837
80335
8395
15907
67393
38329
256
90002
21771
61267
71506
49951
31398
25897
54838
25620
81331
65328
27723
18024
15560
48432
64490
48421
80364
14622
22117
72512
98328
79804
29015
52979
93481
9907
55538
28196
24094
92064
32541
62711
43813
20345
50077
15985
4092
52880
12104
19864
31308
90285
45102
12390
60468
71467
58574
35825
84079
82248
33624
70124
79539
24644
72166
39611
11321
226
73777
223
65245
19677
19819
87466
61310
62466
35161
81080
8826
75525
66698
21432
13007
17847
64821
94776
15726
29146
79095
89785
54771
25019
82632
16106
55752
98496
20980
67247
28709
38429
40839
4681
27491
58868
91484
37838
44170
70379
7542
75517
53006
14206
75566
28278
88901
23253
58867
48467
43833
70032
5136
4819
91381
11064
89610
1927
4285
39641
52907
71407
12850
14444
77100
81174
63080
40182
6219
32051
72546
38240
58067
36745
49317
60291
93128
5305
34667
65834
3258
93237
53806
5894
58007
3744
10574
29345
99592
73933
41769
55839
8933
16323
54750
39841
74594
31625
7937
83978
84116
56522
58031
46718
22894
61042
90042
29363
9657
64149
66622
20361
19544
93261
81742
21178
45870
73711
80420
77257
29926
97501
10966
90053
44461
87229
9152
91678
51013
40689
74724
22406
63815
14396
89849
63084
43748
80178
46375
39445
14658
67961
94171
33389
41309
90025
96387
7479
33370
27242
79094
73226
43027
46205
92583
11171
5192
7643
59481
81347
28712
21159
70911
46378
84623
99080
6048
66315
53175
63069
92740
14221
85245
61196
97246
4611
5682
60235
29701
23019
36262
88262
78564
94303
44134
15970
42089
29728
27999
81650
7784
48425
38715
84383
41841
77541
93651
92777
89688
97190
84795
42442
56106
11260
99522
24395
28744
93200
69833
98729
32425
77113
41043
3137
53281
38769
4063
64241
51533
38632
66810
61195
89672
79520
49717
35665
38794
65248
77938
90024
90034
33387
8558
66495
90304
75235
74960
53973
41973
49160
52481
26385
54648
39645
49577
76709
13872
13723
6960
74132
36357
78880
43486
38358
14260
52118
22087
94684
12059
8533
21582
46226
68750
89579
90994
75554
75344
16151
31778
67001
43092
69671
397
23032
51371
75542
48729
33328
65834
47688
23054
43596
47218
30287
23699
62649
29110
3433
86874
40900
28993
3083
87869
51190
71084
42536
80471
3736
41730
12565
81321
30994
68552
80440
79909
85362
13077
4244
4987
2891
93219
28203
6415
99579
6798
27207
17809
83284
10172
24249
49809
83961
17094
13208
26400
27659
22069
81218
17447
5607
19778
39805
39438
18696
87538
42046
93405
9836
21295
84177
84097
31876
67331
64426
17703
37185
71623
99254
6750
16479
76726
77776
20312
59120
32064
68818
5222
54854
47703
81876
69724
7845
13931
23202
64861
87862
29407
81288
20834
599
29165
22226
95690
19376
80416
74725
71924
83830
18883
37025
92899
37727
31321
43492
65492
47641
50876
87394
67955
17000
21150
8149
92702
85898
2076
16303
22587
86047
36137
47534
86216
2386
67010
8209
62909
78133
4352
99282
11186
88407
58242
82824
75964
99090
24718
85990
89154
22209
89840
20958
15925
76867
33927
36161
14633
65645
59861
4098
72252
80389
39760
94068
49141
58436
72896
74349
17042
20580
74341
37688
2450
35445
68660
46385
53857
71478
45834
48831
35799
17342
47670
28050
15287
74305
92095
4616
46874
50054
10010
31244
81514
12393
64809
84435
21277
93398
48201
79744
17144
69865
97603
11538
60283
84270
60205
45592
48574
11940
36678
73384
19635
24799
73553
70697
29157
49774
37453
89902
19144
70846
96640
55284
64430
77722
55757
23795
7868
21244
38184
19844
94675
95898
87063
52034
94616
33162
60872
72204
57078
55945
32296
42683
78571
13993
60209
36388
74742
92888
93726
6184
39774
65153
84579
24874
44834
30974
29459
15263
74243
78180
37546
60920
23122
76377
20045
12579
83494
8518
28400
82577
27172
34669
25713
50265
53231
77398
61963
85046
5468
15941
37760
30502
80962
77178
83679
83001
44719
15473
52594
41263
37319
80551
21002
99539
12630
82828
21963
6375
70834
79012
87086
13387
58381
17279
57872
94025
90951
962
37809
21000
18106
52448
95710
52869
89029
84854
98137
95208
97613
18051
44104
69872
82103
7759
98842
47037
29630
91638
75014
69021
89173
94754
89602
22351
27830
78220
32577
95060
74786
59515
19478
89959
84906
80679
64235
51372
19670
51507
806
2819
86959
48837
2640
86169
3198
10165
97504
38987
41473
20092
51864
46113
7428
51450
3814
53951
41126
89499
56433
41517
77511
37180
4503
982
10722
72191
56687
92262
98211
2516
32517
1156
9494
46036
58998
48582
71305
42007
65132
69680
86049
87406
74347
5838
3646
79565
24596
30159
8231
37968
3788
57443
40631
72782
74284
73455
15144
65369
74301
55062
4859
26970
26390
42768
63627
5721
53563
70236
24729
19303
2150
51588
66427
766
97152
76572
62759
58478
10644
66154
44345
67615
6677
96628
78377
30263
37160
9058
39622
63956
2390
82653
84960
4330
57155
65647
62820
36613
38754
25302
85882
2765
16825
99845
70475
66356
16512
9481
99340
55648
46300
11049
95787
46842
69759
61459
6715
94085
96467
88745
79602
60589
31535
56383
84249
56090
15465
46459
73964
39869
6457
80341
2785
5710
5834
41714
15494
25401
3902
66116
5352
90769
28359
13615
90866
60755
10262
46762
97350
89643
43613
94709
41648
85339
3776
96156
9109
22437
7216
78757
80762
13865
40475
50657
15576
26968
59829
51062
17846
15198
64726
31010
22907
24935
77894
12997
15770
28449
22920
8651
56727
28680
76138
57359
25574
79237
83803
85535
11819
63910
77859
76211
72102
83985
93963
81639
48009
8791
94006
7835
87581
55152
22007
49279
42017
74796
77065
54443
15436
45291
69922
58379
30037
79689
40783
27291
31576
92820
55147
21835
812
88060
61720
828
55441
57400
91874
55112
23962
19769
3668
82524
48069
57810
25084
89215
23348
51718
30942
30025
19435
50205
95845
81182
30221
63329
1558
72264
92353
9657
41375
91227
75927
1111
56314
16174
95184
2860
58397
20685
8940
62731
44796
45644
80624
64899
83297
29887
45977
25949
54316
44361
92847
17960
67600
80126
91972
72831
32804
99168
30244
94888
52275
68829
88664
84622
21663
65600
76057
55474
69400
52096
76577
7666
39611
2206
94141
8358
24684
73739
80141
15773
83519
5336
12143
76452
39374
44960
50741
19414
37265
999
39353
68761
55056
43807
27438
97142
4613
75458
91493
46496
29873
28563
141
49622
7143
51185
19714
96374
79668
84186
84994
1671
13239
39829
66061
48992
42567
45957
46741
2689
89149
28832
92677
5164
70529
69474
27830
876
88148
83331
57008
58114
76366
41130
69039
91625
18798
69996
30277
24421
89751
48211
31361
65484
58335
34431
81489
21589
740
52766
53947
6072
2198
88791
74238
55160
94309
38385
7847
13341
65708
91252
48578
3231
4431
24012
30319
52586
78919
23969
85221
11287
41204
63964
49490
54573
40656
1171
74337
35236
69550
78260
34108
17194
22752
64027
36209
95527
42999
82434
28168
84028
40504
43926
66021
30251
21067
10948
55177
208
30360
817
34
60119
23760
53360
1809
70974
857
68238
25424
3195
1695
47379
15741
73311
47819
61684
81045
2285
25382
97956
77406
96062
49838
31954
21374
52864
22159
16545
30456
8902
85049
70110
40920
44449
14305
99676
80676
85564
35215
95701
81352
53283
36856
90982
98142
31715
68138
84878
68611
49239
38619
95820
82356
92863
14416
20056
52273
4834
94915
42626
75154
42694
79552
67751
44436
19236
85567
10150
31137
77220
57442
16236
80385
95154
16635
64695
80387
65142
36245
29665
48310
31509
89431
76529
43249
29802
12663
294
60331
19781
45318
9580
81927
63133
55644
5443
62115
56898
39811
3574
98675
96977
85508
844
3330
12588
24498
92755
15338
82185
59542
7015
16213
14070
40297
30318
94012
50868
80045
70291
74517
35966
50555
12704
83593
62206
65870
5166
30099
8346
67527
22898
1970
57188
53453
49580
49413
80777
50720
36860
88643
72701
18363
89787
97190
5281
80643
62250
87515
90322
33381
36459
39538
26078
36470
3560
44633
20245
4118
58650
63765
89022
31125
72824
30647
45689
48203
7267
37163
8604
82319
90018
22745
78223
9040
84697
52033
55425
23034
42314
5827
99361
20160
42218
29210
52020
79995
96312
77699
88837
61180
11842
77355
89935
73624
82403
68035
64952
71390
4226
30284
5935
18005
95390
5881
87372
11967
29294
9593
80241
24366
80524
95473
97774
92857
21220
84848
44689
36600
99083
85117
98737
5321
74387
28608
13690
52343
92637
38915
96252
26163
21996
88540
75898
8117
90144
46089
56263
84669
13934
23899
9464
32054
27017
27683
50609
8254
75570
78633
8768
92728
70296
25389
92774
87844
54093
88381
35530
97594
69070
82281
88821
29012
84056
43630
32174
19565
74297
50213
53918
79871
28748
56298
60352
55230
97148
83651
69827
51748
79052
2003
52507
43242
24
4698
83765
73656
16408
35287
89368
96372
39393
49088
74013
46575
71549
70
41279
25771
4567
27901
32674
88556
35619
82575
36231
60927
21589
64782
40963
86676
5348
79020
42508
93861
16340
93412
37422
96840
68893
75318
78823
1049
56034
25009
4463
57463
64003
61067
89849
21613
13216
20616
23598
8042
65152
25085
50022
95276
21426
27955
74788
28626
81265
4758
83512
88605
16661
67589
80266
41211
70690
86476
13252
63061
83763
78188
18244
39072
5056
79406
76926
63364
51902
55637
56891
35040
38647
9884
72781
29693
8261
45768
83972
44755
64951
8678
23183
62235
24096
75478
32532
45894
67001
88400
68793
91604
12286
31994
28031
79399
93176
33319
31242
33634
60525
25060
7300
83724
15075
48854
7230
32074
9303
91799
84734
78106
49125
43008
81896
17696
68798
29026
66083
35879
48557
37000
74390
37322
93840
62776
35259
13860
97387
27372
53508
31311
61075
89808
64533
28798
63044
46837
86297
62987
17469
50855
23516
96922
89294
96121
7515
28555
94305
20379
87321
77599
36090
44079
22835
1002
5797
22613
69287
87108
97986
18340
83692
86504
76477
8629
28661
73560
57778
33757
96648
96858
66482
54228
28630
68967
56981
30913
55186
66446
88892
63390
45092
59486
89806
21966
6803
67259
38256
87072
51550
39844
52273
66087
93312
482
74444
92103
30534
42970
3087
21755
27224
68167
30969
39949
86929
60837
17941
48184
92119
53511
41921
60119
63602
97544
43863
53147
79884
63236
6645
