6677
83663
17614
31622
65750
70683
37823
96828
34850
12513
35732
33930
59835
60363
8019
62734
90737
35257
94177
91434
75424
93181
26302
88244
65573
19078
49608
17773
73274
42421
32879
55234
60416
21084
8474
84643
64988
97381
30069
33366
68514
90378
12937
94654
87083
51984
26382
42291
24761
80807
40856
47022
62661
57405
93289
63110
69527
37314
23363
65225
10448
14110
50723
80759
99101
43766
8530
80774
85971
3699
22303
63948
33
45154
24655
92226
64632
85938
26308
14294
89642
82055
21685
43599
1452
11372
93421
41290
9931
249
94277
91307
27241
24913
27243
44752
47210
23372
15022
53776
65974
60791
48608
11382
74660
1511
31357
62868
83125
54260
89709
57090
40126
73621
4656
61259
99727
20446
29049
71715
46396
6654
95045
14912
31933
75735
83233
47787
96228
99296
20427
34787
40832
2082
96618
99962
99397
63203
43261
26918
2294
79639
94842
6786
64030
19618
63589
15016
31602
38092
93229
31414
19479
74271
21834
4722
22648
2092
76114
2938
43022
58445
39895
83661
86442
31179
88079
64945
87637
49098
54030
76427
98717
79581
3121
22975
33117
5942
18073
98655
91384
26285
62786
47486
7810
88354
80474
79308
47609
50768
99253
13995
53224
40023
63692
45324
85271
54781
84413
87017
28781
54215
99458
87758
38574
55567
70942
79455
78979
57553
98413
53577
72574
925
16385
44073
10222
75197
57646
32225
90390
81481
6274
78694
49604
65319
34643
31114
17857
40588
17292
51769
82877
35760
41163
59183
75398
7214
86491
79954
93912
80764
35565
62648
71873
2241
77593
14334
52883
675
17079
82109
80171
93538
60382
16934
25454
92490
50571
25137
79312
213
44198
34169
241
24160
75281
73480
72829
71435
31566
98849
56800
30523
76079
69045
18182
90207
82950
17414
21418
93775
20737
47781
26991
77497
8671
24005
82968
96347
91740
15606
20831
97092
28993
8036
66093
59096
66152
85532
52370
86598
68392
46895
83988
2700
22043
20108
26612
64948
75031
424
18044
95135
75011
48335
82005
91827
81448
48805
96613
73139
73297
51195
16189
79391
47481
80510
70177
50544
5017
34924
66140
81688
51433
61941
5164
51370
96022
36181
