71341
76671
21031
56704
75034
65670
61790
61048
19471
81345
6364
50114
66630
856
728
82124
37010
68499
22511
38888
59501
61635
98840
58058
52590
78038
23749
78228
39376
24227
60070
60852
70842
91425
9298
49131
81905
16102
59564
73353
33032
35383
76622
14588
96505
64143
85700
94249
30933
40234
3061
65661
50192
7016
15319
45659
33683
28282
71802
39119
43667
59648
50694
77456
12408
32607
83212
13240
36916
42707
71729
87470
72373
71695
17543
13439
46595
14962
81917
1700
27420
30260
40018
84358
62467
71422
51575
83687
76462
21670
64338
10056
55151
95144
86856
67184
66807
32361
15589
88944
72448
75606
78074
31265
54058
73630
58606
95097
46521
31513
5844
62003
93379
91200
82766
82595
59181
966
8551
69884
21873
7940
59271
14530
37549
86837
39678
57062
16845
140
11894
23311
77364
70287
68494
53630
39724
32728
67236
33920
16203
30284
2623
67021
387
3818
75492
6755
3862
32023
36012
13695
1678
73978
17743
81692
42195
72148
50810
27249
48868
80621
40805
30027
91640
93646
26674
62088
33828
62886
85624
45912
66732
8329
36021
36798
28685
47427
257
33951
67839
89767
28739
86368
48717
70480
53443
74581
21411
24588
34869
17388
69263
36609
89783
73879
25990
35018
38784
85386
6403
39513
92535
29448
26255
10560
3367
38412
96186
95303
45061
69008
62370
11702
47715
96048
32159
63612
6921
43339
66888
33540
6883
57952
45970
56951
45633
80219
6498
42211
27172
61093
40816
63697
90131
30995
90852
22029
75495
29817
12479
35093
96911
66426
95771
96203
66322
87879
17752
11668
44904
3438
73064
9046
34727
26589
74979
89445
78
69442
44245
82547
9050
48200
6514
51356
15787
35838
413
85211
61685
28694
57832
14224
59883
77361
55548
76043
41529
69099
53083
66734
84617
38905
25501
11588
16573
29476
71835
98752
80318
16457
29941
28891
80191
64716
56784
47406
78903
83797
39519
42294
99608
6299
87195
10316
98194
21594
15519
16938
10084
59137
77829
1347
43092
30538
14268
6878
83323
7659
88145
49302
4601
35159
53550
70688
23618
50266
51507
64919
22726
9956
63319
2460
70260
6309
59205
26588
4264
84502
67952
41074
9707
64712
59011
60152
11493
9135
72316
45641
26054
68407
53078
13207
62787
87902
48920
50000
43295
53689
4908
49281
11164
10382
48412
34173
37909
88670
90191
12273
91785
39035
80685
75647
25279
79933
51248
36565
54425
33712
38859
68400
48462
41556
39872
3173
21915
19972
63415
22541
22819
45635
58312
67354
40599
32846
68724
82461
15037
98446
33175
8026
13787
92683
79261
26395
60037
11390
82009
74434
34254
94728
47754
35262
44298
60858
57337
30407
56772
19061
52539
43708
9112
56162
77899
21634
76709
92551
96384
11207
52278
59664
81880
16333
5702
59456
54055
76135
31760
28259
61872
94697
60424
42309
40877
80702
99814
70330
66357
87526
5455
99736
99569
79622
21110
37335
77456
89417
16282
12851
27610
70425
53360
94165
99729
96923
53434
56850
92402
8300
93965
37395
19773
47044
63770
39466
6503
93350
21201
55597
21396
56471
49940
12916
60182
43158
83459
50825
66132
86951
74033
90973
33581
88554
15049
65449
73854
87175
86424
27822
35728
55469
82097
83433
63262
86574
95838
40325
42685
20774
87034
245
37003
41417
21647
80340
32083
54986
85200
80504
21191
58603
94417
88741
36319
89739
92087
47522
94094
47535
95715
87763
61677
72906
84721
73879
63757
75459
53201
93340
45636
99265
25709
67166
79313
26678
32011
54045
49637
29598
63468
70042
85768
91015
88451
48300
9569
36116
87136
18750
57006
31917
77020
96472
91239
37095
39710
29219
66796
9601
26773
69525
23101
8626
17889
4905
82551
59624
28041
834
3494
86352
12175
85507
91619
52265
95527
32836
4674
95098
65719
80696
94862
83121
98789
55126
20883
69274
55441
58004
27294
70297
76127
15670
32742
51953
23942
79011
90540
58587
72891
11751
85222
85501
15711
2964
6881
56029
70228
92301
1459
31660
96160
1978
29659
53238
95272
28253
79682
83970
56986
56959
69795
891
28810
32569
45515
60421
36383
28381
23199
45770
51427
36553
56932
89230
7625
21067
8818
50739
94147
54133
84106
25625
14527
87109
52116
49064
84590
90708
11443
62535
57298
36070
73726
8443
4664
78236
34049
23071
57317
46608
68052
5162
791
43183
45910
47692
54325
98664
81582
33746
12699
38982
42035
13948
14571
70352
25686
2507
11799
99641
81837
51682
53410
68692
83650
90383
65137
96136
86024
41593
879
88331
96729
65445
65967
2243
64244
10042
63765
17388
38963
90474
96945
1431
95780
58001
62672
34558
15553
65998
16955
91471
10528
87017
47621
66638
44523
86173
87600
68399
42549
10112
20677
582
6470
7902
80352
96464
53454
60473
19136
69258
72145
58589
30399
95715
47872
35858
37775
55025
42641
32904
28184
3863
28297
41578
93689
80283
61945
53969
64667
94051
61546
19974
62231
79131
86632
99333
71317
55184
54119
79251
37562
69277
22458
17151
20852
66452
