17675
85831
26246
87884
1897
25339
45324
42625
44537
64734
73106
1910
95732
50363
44233
29165
59194
18049
22998
77329
85740
21745
80190
55886
60551
45193
83985
17804
86918
56892
19794
28258
75590
85200
36906
32657
33298
9987
30783
50118
6643
90041
9047
80401
78246
71309
56447
27229
30910
50029
9548
8994
92522
96972
75392
49030
49503
84243
80036
11983
69867
94484
12687
80197
8264
33820
39026
44655
74880
14510
93389
18670
37644
21036
23588
69346
92948
24234
54482
1783
83881
62053
56799
24047
67008
62714
56229
67132
28775
46219
94508
33451
30885
3610
58962
99832
20296
19828
29906
6573
73997
75686
56328
22788
61310
37208
59442
90094
97165
16466
80994
11644
28682
67052
38584
71560
44323
59454
23844
41023
20020
66859
80940
51586
19865
80278
32661
93723
50328
63396
79272
29196
26419
52183
81340
89494
45831
2055
51900
69450
82794
86236
25616
15043
7246
53011
43011
47489
6883
56648
86344
61905
39751
87057
30416
88141
73272
36602
26339
3827
71929
59017
19227
45238
80332
94972
11792
70292
10949
61624
25011
89769
86554
29332
74278
97843
6245
37752
74910
1022
895
35633
14369
65828
18969
63896
80255
79849
36895
39961
12880
48220
19472
42789
59184
28199
65343
42733
40738
38144
60086
68044
12783
64056
25246
50761
83520
26766
95472
48719
83265
65927
77867
97536
21655
43161
47798
6686
47699
66011
13606
77157
32311
86822
39011
84700
25812
36202
46486
42268
3985
9442
37471
28063
5370
36063
56002
41413
79812
27611
91214
27765
13665
16901
61108
96186
70600
73062
45107
37994
88611
1102
36112
43580
3622
12119
64162
5912
27978
80851
3222
93910
98167
90982
10271
76580
20264
5384
61539
79715
83869
88480
44634
60935
85739
50913
37235
96022
2835
82954
53143
79687
81161
92365
64707
57361
61582
64885
16982
21049
46684
21073
33447
21932
23802
51932
75720
75184
98485
77559
60416
58296
59965
88000
55152
33252
95600
93558
72671
55005
94785
32998
57157
63958
34517
62407
10026
98541
18552
74905
33845
5480
50015
81964
82491
69961
53365
20810
93247
35684
25775
39165
42286
35645
90255
48545
8819
8503
43286
30399
55158
32530
38240
25562
30038
69368
22543
36802
80802
73223
51306
26697
16327
87605
33072
98642
97128
21384
24351
7456
41604
68651
78789
57918
28149
12771
74085
14458
41702
34021
85201
63319
60250
22330
45918
39697
1936
81880
42481
56681
56617
2737
12844
50238
7078
66140
82922
85091
4575
44762
57344
50000
997
56948
96284
7769
55608
34864
52313
55277
28255
70476
11557
91866
42827
10392
82033
90610
54895
80891
98653
16337
85659
37797
69209
36679
90703
52402
68534
28011
16498
64235
99080
86841
60214
54265
75314
19000
89121
17955
56623
93953
94706
46653
48816
19601
53594
57866
17862
14132
42478
50270
11141
25820
7470
97667
61305
79078
19646
37594
55722
5662
58016
54938
90516
53614
48753
8658
92417
53325
55257
577
83842
60077
57431
39245
87130
85447
80584
8972
12310
76196
34400
14392
49488
98532
706
34312
91714
38113
65061
85090
47085
31715
21702
63407
59898
5166
93954
11081
49810
3987
2947
20421
95257
68098
86335
77631
32782
20035
15664
23915
17476
7308
86156
99174
91384
63828
55889
21568
36507
32812
92697
47722
46951
24099
46594
52989
40821
62530
3122
68923
46581
20853
88740
16003
40932
20550
93228
73664
85628
27053
46038
36790
9222
62017
33647
18109
6361
4613
73160
69292
82067
56271
63772
10062
51318
98847
22189
74258
15303
84891
70662
4540
74877
60514
87058
53317
9023
36273
45208
76457
41543
89593
70752
38496
42736
3392
12814
83303
64478
19938
85033
62534
86902
16379
60858
55711
62792
88947
17456
60416
81846
66568
10205
78795
41096
61382
25447
77503
92
3636
3038
52169
19852
1498
42197
84646
33103
12491
4260
41509
70022
12601
4149
25684
68461
1539
38752
59579
30533
88185
34834
47711
48506
58978
11738
39590
12081
43787
44832
89498
26431
58758
84523
88786
15783
23712
32613
28474
60865
22836
2886
35160
20191
1741
96032
11645
14954
71392
364
5177
15194
19997
89240
20843
50957
17616
23731
95400
86311
35078
84772
47703
36370
88732
52894
25910
77899
65623
25592
78748
2593
79885
12515
88408
88789
60437
76840
15982
22163
72540
97589
26894
78861
31314
12068
83377
95558
74020
60267
13812
90089
19714
93713
94643
63599
59848
30180
9544
10547
91418
32583
82681
86452
25504
65523
18158
34918
78306
36120
16090
55263
79266
57186
77291
99999
11412
80199
53148
27419
32751
33174
45057
98736
14370
64242
8622
1481
70815
35592
71873
1293
51422
34398
33836
72766
7440
67468
70101
36667
49102
84561
35352
35635
59261
31663
19378
13387
35756
69999
82678
23470
93362
9146
70545
82785
68027
93340
80389
2370
30984
48902
36056
73366
38453
47710
5044
59584
13793
66719
79752
49806
83310
26751
32295
52687
64343
75149
43904
75067
34851
36326
4581
10524
97370
91882
76404
79165
87075
67639
14793
1930
63571
98818
46005
63103
69165
16563
6306
13250
32492
49082
58484
91477
45747
58928
14756
664
46180
44276
11642
52277
88088
16535
1975
8344
231
29207
52012
87400
85406
73670
57448
68445
33879
76366
21172
22383
90399
28873
67709
23965
35762
57434
4561
48882
18158
91733
79041
40471
97014
24061
20672
38400
42594
59480
3893
97711
68310
45204
13530
90797
59519
33125
46390
77140
2519
73270
36338
46076
10527
57932
47334
86357
89603
36347
39179
12979
86816
97968
74081
86484
15384
78777
98667
92901
57075
79517
5691
13492
855
97342
52442
2637
88608
63104
88737
9499
3638
45326
26391
24477
55804
28912
64166
5045
88255
1720
67494
37171
55114
85346
90597
18369
96848
27839
20180
6270
70668
35510
14461
62700
76973
58607
9088
37368
59667
61371
62353
77575
48134
786
16117
20756
51710
10371
56004
25205
13680
35408
64661
20998
81171
94247
75258
17899
49703
46681
48926
89961
96786
34834
19438
67567
27594
24630
71199
6795
17586
16610
42502
73314
51887
13735
74982
73390
29303
30753
62373
88140
20026
4848
86872
18829
40421
20472
69842
30769
35713
92634
5070
91339
41970
62381
87412
33607
32454
45812
97432
41271
40246
43677
53513
42865
88974
62469
96921
23612
56566
19894
32432
11844
43106
7691
7382
73550
13217
62994
75393
53414
35827
55802
57510
33614
49729
34558
83139
42684
42061
84460
65905
35892
38620
43852
45439
85900
69897
92874
5118
67848
94751
75528
57885
96566
34865
41429
77557
75261
97427
96716
41387
44821
40904
34950
41162
80789
69395
78298
14749
71076
24667
96909
47733
21683
81869
90099
95717
79930
44803
6809
81793
35161
79729
54786
30889
55381
22859
98024
12895
44963
46029
70223
79886
63354
67437
38372
99250
27597
49967
35059
4156
32546
38247
40657
5563
61794
47440
37312
35826
29620
31708
75476
22990
89691
28338
90704
26971
69753
94722
83541
4075
43252
29712
28534
4704
28560
98269
9778
50582
14444
58959
89832
82473
46402
27464
6489
17110
72688
96162
57575
2952
41108
69719
77810
18360
58096
69731
33727
12929
70104
7643
62768
52980
4007
24472
60861
95562
7993
48325
79169
81846
67351
26248
25139
10414
30569
45648
75608
23687
70336
72348
414
16643
21317
97256
63849
55943
81994
1722
18210
79749
41379
22833
28855
33741
93087
24211
73357
87251
29028
55329
38716
64886
62895
12923
44
23712
19654
1766
1764
3750
41405
28888
78050
80473
2277
55276
43117
51960
95406
72135
53923
511
53610
65006
97935
78769
92016
78332
86874
83791
15677
95525
43640
98992
18150
5129
54151
3524
8009
32391
18383
71422
39452
77348
75653
8699
90437
15495
98003
5593
27195
85151
42555
13302
17489
6843
28758
89786
6679
54340
59715
97593
50405
24406
38092
78183
5628
32920
36611
71843
17802
98683
70696
38
6112
63070
86597
77924
40984
33611
22138
78770
28508
32655
19221
29126
64927
78471
67318
73869
1013
25437
35389
13616
60949
42432
6029
83496
93221
14102
60126
11911
92081
8355
72867
70672
17293
65267
72715
3755
57155
27525
83775
954
25218
50587
18961
64811
54624
1934
16482
4478
55694
83121
15363
78532
32131
85752
47095
265
9144
23081
79950
13621
12842
62646
90121
45678
54367
22120
49549
42465
14562
80567
14168
98924
95365
284
68245
922
2637
50661
30616
7493
51836
74783
56820
14878
42676
41929
77500
60411
31873
84715
97898
43938
44093
28297
45876
67222
359
80880
96606
17651
10500
69716
20951
51565
71597
74833
1481
64672
37944
33947
35221
72250
79675
66306
95407
60227
27029
90664
55895
9726
5090
93157
91344
42299
99922
34523
53870
80820
61141
72962
92616
71897
38266
18822
26518
69646
68614
30415
2513
37828
83009
6418
71555
87576
72264
29660
92994
31339
62170
69515
34259
157
77620
55703
67230
41030
37563
94982
75290
83869
11621
14041
75777
43431
86479
76832
31397
613
35606
42656
71130
89627
59352
2510
66266
2825
64166
55503
10426
13325
79433
64621
33770
7093
68377
61643
41066
10754
75463
54752
900
99185
66935
29155
29017
67788
63389
21009
2637
58369
33694
87971
14566
34680
18114
95935
26018
13909
75139
90776
5276
73807
1319
26426
45687
71646
56305
76107
40936
30800
36348
62301
58174
73539
78643
2799
90245
4467
46202
85157
87178
78060
38376
49915
64006
15888
95623
84160
57122
74339
18838
1302
54600
2080
3313
10399
57229
67944
95313
58910
36504
84616
15289
66460
43417
1190
55911
54022
87603
88595
55390
12843
50239
95862
66965
50527
16089
12346
93959
97875
10164
31256
36494
59382
2692
73266
704
42761
2456
95408
54227
8404
93011
80175
72768
38399
78903
72419
11712
36529
99722
7584
54011
35620
38687
53765
31030
6682
99415
72258
86524
35470
49636
86469
55616
56396
33835
37481
60398
11202
38142
96041
81721
30322
50287
95389
52748
18594
94998
47070
34012
63773
40977
2792
72022
76248
69425
29358
13838
11435
66043
70848
48605
22502
48561
82487
73676
40397
70056
33992
37734
80609
44661
96714
96266
31629
26750
48517
25732
88804
37289
53078
81962
59056
71738
96185
55598
76919
42766
90612
72797
40371
7999
93263
12943
96173
8124
13555
66801
78711
93883
30377
38302
33784
51859
76449
1068
39366
48411
93577
56838
69040
98718
10008
7091
30628
33627
41995
41450
52479
80812
75671
66896
82950
98782
42491
50297
14800
2303
61694
23470
45533
96095
86686
4760
37170
89940
58704
24008
44500
2877
40753
98860
39543
76705
77592
99496
71780
9768
3378
56137
68648
90835
97633
9147
98858
59860
72269
75011
92289
47494
57728
3198
34528
48476
44602
28649
31574
65339
28661
82587
70773
18359
1810
10336
87751
55279
29258
59034
85945
10045
54082
40385
45248
53655
74332
44024
99354
52183
44989
75584
57604
97141
67325
20230
96422
1572
41598
87209
47887
61604
75510
73866
68546
67670
60498
98613
80275
12208
50671
91513
36798
81353
5099
98403
84421
37017
83132
49909
53614
92681
14613
70230
39246
61368
2030
52235
1608
7442
50099
5198
47806
65273
59730
89407
33649
97233
67967
87916
59872
51127
63267
29885
23346
42855
56327
72201
23852
33973
40705
66529
20083
95771
34583
87450
74719
51603
55302
73995
27737
67413
41645
41705
89562
16756
5381
55212
51227
81084
63177
12413
67413
58667
72785
80435
80033
46231
73235
40902
14994
26258
7816
47400
2820
