54687
53040
845
33171
73487
41982
32593
9475
58695
61277
4729
81953
35588
19717
94660
62632
13240
86583
77886
80426
27000
63417
22199
82887
45002
89082
94147
40753
94186
75526
89179
48052
55200
75671
67278
53606
47480
91966
74432
55978
75926
44417
56961
43205
38821
30268
30483
61111
2960
24019
48231
49561
36461
86098
24463
94703
52310
71246
7859
7063
56411
53570
67103
50308
12768
14217
46223
13544
35409
69730
70849
41213
91725
54443
38157
8982
55160
8611
3087
61434
76517
65493
81316
7960
52606
75243
25515
6927
58581
51193
95558
55031
76021
75016
35670
38651
92664
51247
91865
97139
71666
58773
51618
94118
88372
7156
64313
92216
10786
69036
5841
79084
56305
26350
83618
98118
91710
37758
39312
96008
56063
7397
95759
11024
76821
10974
11799
90929
18374
14205
54206
47443
49161
761
69395
25392
38617
12085
39261
88980
98439
89888
35296
5079
63998
3580
43027
33981
71197
39548
14851
21764
21662
26951
23533
25221
44919
75561
30876
90261
59981
5199
56511
47754
10830
53442
30282
86968
304
58522
38359
16084
75160
27725
28000
21693
21431
18103
18791
94783
13640
75931
79233
99359
24069
4106
66699
21711
38982
52565
96064
53258
47538
55780
97746
27957
66136
73553
49401
56483
36001
26560
17187
73671
85057
56479
22311
43182
76475
82052
56455
43901
75769
67041
5738
96271
55888
63805
7018
73593
25492
47104
52624
83248
9454
6735
80021
95880
32577
24733
31451
46751
57632
23125
45232
32819
7047
31615
45220
81503
53918
91061
27805
72699
2475
78248
6881
54271
90765
10217
66380
3071
38995
62283
87229
48498
35869
12867
61032
93636
2187
10430
76282
40239
96100
43015
64585
48134
27620
79296
24163
37037
31344
41547
95806
69376
5811
65557
52486
36388
65520
275
77997
6554
67360
857
52280
85437
67030
72778
31500
78973
33038
31813
9458
48536
95920
54930
73629
95351
38587
10535
23837
14314
40013
72999
4546
12817
68997
46028
12748
98888
87273
42208
82596
4752
62029
91891
15227
26876
