55315
53249
34234
52503
53045
59732
63559
53919
85120
24066
1835
13069
93659
28233
83709
26600
80507
22328
69667
5143
58539
7375
70017
55313
90038
95754
95750
96842
78112
93812
50323
34495
30301
89638
56193
31827
44899
70453
17829
14428
79979
38710
58984
63991
52700
43769
36151
51336
82221
96847
22425
96498
33351
91007
76398
37022
40096
5020
59241
31811
88304
30222
39813
27202
14873
22875
32379
64358
37309
50999
44480
12661
61914
74330
73496
72465
31456
68770
79610
2380
63932
82584
80181
91216
2839
90617
55932
12773
46383
94923
32893
72851
48120
5435
5702
82174
84765
22725
97661
66373
68249
36364
10836
54714
38574
47043
5539
72984
11607
18375
62693
2729
71699
65157
24843
59002
92836
88893
82023
81844
44014
78499
67185
32894
84634
4363
52589
37867
83926
47325
93315
18062
4758
20627
46985
9632
76664
62530
9796
78039
45525
31
48162
96946
28050
10009
72506
75712
18057
33127
95179
87760
88537
27931
38017
73235
8550
87876
6696
63726
47273
82339
28835
4253
68820
24238
60719
28258
30953
11452
3527
75097
88404
37037
34124
26260
67228
14069
47766
76574
20475
14996
30461
49643
97440
82458
27280
13003
58832
28834
49563
47788
48443
5125
68748
80129
88241
86302
77477
87080
98274
89856
59642
48568
55386
17074
226
28663
95452
82412
83040
34412
32700
75356
69920
18557
16655
81286
28417
63635
72332
73123
76738
9275
72547
73890
44438
61958
72529
81866
5283
57076
96530
44583
24762
26783
3690
65741
78839
64006
76167
29917
42879
62864
66359
34016
20041
58857
12057
21498
76992
88347
78420
25690
81469
36191
13927
41852
90953
42811
13776
64202
24691
97564
68699
43686
62284
53961
39744
45093
51258
64098
40297
7930
73287
44614
25473
44531
14181
54537
85974
40964
6257
86607
18613
61578
63393
47924
98907
96400
8830
33283
12529
32093
3724
75050
11835
71831
20456
87186
51310
77171
68887
7805
21504
55924
76033
84603
44839
73987
40013
40577
18690
26252
27717
3606
91201
61962
62231
82841
33547
23253
50905
27222
28678
22121
37817
7075
31073
50712
25432
18379
64616
92540
99436
21143
16437
78155
7975
88263
53408
7779
91970
59289
34944
45536
36696
64737
20880
75183
16475
10885
76398
95622
34132
92446
57328
25946
14757
31062
18636
84464
99348
21267
26482
3826
98105
2381
69988
45329
5369
64730
62661
79406
48680
41669
95440
6508
42906
35058
53380
2785
47085
71173
36256
88370
76401
86467
29682
32598
4625
98164
57833
30064
3384
23362
11453
4249
3783
72136
85544
21256
33189
55074
79991
25248
75412
13741
13346
39290
26011
3775
75091
10545
66175
34597
94916
17172
58349
97217
38918
95756
74738
92113
52069
92752
5830
2928
53923
91157
60234
48472
60244
14513
59445
85516
47080
64356
51515
27906
95802
4339
16195
93704
57694
64517
10709
91416
54923
2672
10183
8764
91068
26037
29591
73066
78844
46433
75154
10957
5269
14563
62293
46994
45231
55104
54493
45655
3280
3235
22864
19288
10422
25360
99725
95755
27791
92059
1188
63858
12330
59649
23494
92041
80897
8282
75794
46452
68760
79092
98066
18139
15974
50680
27053
5951
30906
96121
15360
91689
73992
65631
79294
87084
76795
47220
49524
28393
61533
67871
25345
43716
54450
11171
88071
20567
92784
43837
12020
56823
9524
63199
22589
86837
42762
457
90057
36329
57182
40402
15053
74636
84039
47312
57047
912
82996
18850
80730
22122
4247
25033
46835
54945
82610
27761
53718
11166
26598
17841
43941
6698
74950
51127
26122
68059
80722
13111
26495
96953
48738
92192
76881
93560
96056
95860
66213
32155
27083
1161
31268
28947
15067
91036
38926
41261
59905
91553
17076
89696
48577
91511
24173
413
78967
95555
8506
23430
20441
34666
97387
94581
75274
33803
73766
73790
73856
15450
43169
10313
83604
99954
67412
56856
36564
48818
43190
78740
83952
85453
33431
81765
67210
19428
17216
12968
54620
94880
10090
72165
30130
81484
20780
9003
36761
27277
52563
70146
70821
96636
28021
4347
95102
23828
14355
29285
89371
22802
53197
13411
84642
7300
53537
28459
34112
91818
89393
83872
58074
63630
54803
63044
62753
38805
67938
43138
73701
41041
83379
95160
43270
71141
67047
29030
88615
67089
11776
69598
91816
89927
23203
23858
46899
9027
85428
27062
69905
1843
23796
35998
97618
27871
18213
71378
88157
84279
84534
98133
2376
1571
33881
72298
88849
91636
40138
76291
17185
17666
94400
10551
4549
15687
1844
8815
58427
60818
81237
96779
15098
37882
60225
19420
87671
45618
20597
20990
50202
36500
36839
73461
75104
70051
68621
14184
9898
36529
13237
71566
26358
90014
97572
28773
169
15162
90827
99767
82471
40271
49012
69458
5963
817
60129
80272
27781
52245
45008
31183
48887
28546
82918
92017
65492
44033
73348
25823
1841
39748
15784
55145
45688
83029
87819
4234
57859
39059
28619
98544
55564
46557
89533
5314
75417
46320
96548
54585
6636
30898
80340
88710
47481
6509
68815
50214
78690
84098
4325
32821
66557
45528
43156
88517
5243
62957
18419
4718
83007
84740
99142
39919
10287
39582
58125
33652
78897
52135
69053
87145
31063
7900
89394
44756
4652
53032
49751
93087
86646
65514
62646
34611
50764
88197
84105
85721
77110
71302
9964
95298
51840
32264
65462
79209
23019
4144
51479
18588
45244
10367
43692
75330
80030
73165
1947
36899
31593
35847
36311
14383
88359
54900
93551
82673
9392
96955
73206
69691
41894
57740
55931
72805
