49864
17062
1325
50649
85419
44667
38865
96048
76252
59054
88795
34338
54253
26947
30361
23669
69947
52331
74110
66252
62487
53420
85126
98046
79045
32410
10761
58500
72181
5378
66063
21822
35042
1148
38008
51769
43788
82607
5692
75677
64186
91684
37780
60247
45065
70109
20814
11559
65155
62040
92366
14834
21822
61812
1600
75671
50301
30284
96406
23801
40243
66659
41120
92827
72753
89147
1703
95015
35572
47472
96315
68843
86625
62977
98369
88898
26918
67967
96443
92585
12597
94917
60823
96232
82935
48326
40006
44328
6152
77219
12144
59975
48164
54715
46173
42056
50709
62554
85324
85206
64788
73120
51716
82346
22934
19237
84896
6366
49563
42922
69485
57489
2492
18239
77494
5908
10704
50577
49413
55468
23506
64884
64825
3517
14484
8800
8097
74446
89981
13120
17597
60034
36303
71646
17941
8408
2469
25256
73898
65216
56012
60875
71907
85587
68236
65056
30552
3492
82242
3996
64858
66325
92197
37076
80970
16836
15505
9374
57532
31994
70882
10140
77999
8907
84848
28796
14161
21643
36701
87844
25302
59598
17798
82882
29727
97988
24780
13977
25764
44134
28394
49743
87910
49389
59617
25752
40462
75849
33047
42257
15703
59477
83846
92736
36699
16800
29012
24372
25738
1038
76349
4367
28622
25349
95218
41818
62329
35816
32008
93959
38935
34848
247
67618
92245
26882
342
12071
35241
82583
27203
87792
6231
95177
5304
87143
19500
33104
50253
77648
22296
76913
93505
36281
74145
65085
22596
44034
6777
63439
83120
14086
93351
15860
60631
33967
54201
30222
10763
12421
52992
2771
34091
35005
91955
86598
98568
48995
97780
65468
96901
17774
785
2908
88765
7668
49127
98302
18533
96021
67137
96683
18007
18361
62219
66956
623
4598
8353
84507
28715
89460
85837
28448
88608
20765
36743
31196
39703
30607
3434
98652
13157
79191
53545
52942
23359
28771
58983
36476
21163
56065
88787
56061
61631
65486
96108
38832
81054
22687
28077
17977
78103
88150
64030
65551
72185
93941
92316
42096
68413
73264
68816
38374
93102
22037
61377
43197
76278
44527
73473
83155
48404
10912
57739
44993
87404
33649
75391
9437
99005
51690
31113
96494
38536
96788
14642
46517
85543
4570
10054
38818
63913
24504
91678
80153
59700
77561
11605
79082
26402
8107
97905
59062
83213
77426
24952
53028
5568
50309
87684
65326
79321
33250
10136
83011
39951
33049
45258
67876
46440
18009
77823
62998
45815
80402
25114
3163
68800
18532
41146
27212
59634
79444
69313
52187
83841
29248
55648
84070
76571
46980
30295
8004
91108
70112
88322
22047
82244
55014
52665
52856
12432
54099
81783
19112
2
52861
92500
89077
38141
54648
4574
12378
1021
48777
77660
92892
19087
48459
3631
9597
49451
39020
37654
85272
89240
34031
99910
49156
79898
97209
56546
38975
28625
51325
93209
40196
29506
61887
27436
65916
1357
52946
67188
39517
71890
85177
12021
54002
28550
2238
10603
46886
25207
30411
33765
47581
80860
98681
95774
25403
31616
31637
58168
90640
425
55976
80309
78572
30393
52886
38686
76895
86978
83215
23077
40691
71974
10090
31781
75905
7886
44523
30477
62232
45188
43548
9640
29374
16888
97565
73986
96838
14944
53817
24078
36746
91299
36303
45032
21568
92635
38938
124
74271
22438
88402
38187
47052
86540
95867
62819
16652
19057
42672
78698
99178
4463
74023
25745
55436
8521
6929
35382
78964
5901
93818
94791
33272
45520
21684
84896
32243
25995
68091
65667
38194
63075
80027
18388
85823
18520
89302
18707
27051
25590
29119
6556
31730
90203
70408
39440
72241
68739
53667
64132
66211
23614
52292
18480
50880
35931
66778
79796
15108
10899
15641
9226
20550
46137
58587
2539
2263
45638
60164
46897
50766
52829
78040
506
42583
45064
39045
57418
4300
78810
48234
33303
66412
99937
61511
9674
87512
36691
40691
3821
6847
74322
1419
89640
13812
69786
58972
80557
6644
2540
74736
99913
49416
73187
7011
6479
26344
55558
73825
13150
35509
79791
42557
35426
60272
74090
71402
32941
5986
21031
41132
62075
92046
90663
32075
40621
44885
97100
20873
36480
46224
87923
94349
31543
52670
16403
3664
79204
17754
65438
10980
69325
15496
89032
12943
38064
85844
12279
60581
11586
96599
84011
33576
52491
43907
7623
68366
85695
93957
85080
84191
16535
2216
96663
98914
18031
33348
4794
77355
56520
44910
14076
8861
45290
90967
41685
67989
64376
47996
52333
72391
61339
64717
90268
15421
52645
89977
97088
17437
78142
38341
38651
9448
22206
11764
76945
35463
4266
7516
13509
35816
58697
7489
99841
52729
69495
62059
57200
81495
98685
52889
73326
75934
49048
43379
46778
5151
31577
2870
31004
50110
65939
21331
89668
23198
28298
14915
12392
91678
74977
59584
55785
86823
12747
79971
68475
84539
56930
63681
30837
50372
17045
67450
90209
52108
76369
30893
600
56496
86603
15985
82256
43167
81702
46041
918
88436
26005
26590
29192
94429
50921
92405
93197
64849
1744
39859
26477
57719
11570
71866
50162
77551
42806
3840
73441
4641
88458
53430
61640
97589
5133
64236
50551
46634
57624
94260
95125
9
90975
33561
28228
33312
10076
2371
70915
82729
39141
20904
79480
16967
53814
35119
