57377
22798
80426
29622
53154
53983
42611
2102
31529
43633
60382
68047
43979
86648
80049
41521
63589
91673
8209
88753
35592
21533
84521
30334
71021
64479
87204
61268
95933
61709
75533
83110
9325
42461
40906
57367
21772
47015
33444
57416
43734
50065
54622
17389
67629
32156
58121
50763
40932
85278
80824
38873
58981
80211
33839
70092
15561
67837
19438
44155
37016
34395
3959
42891
91290
81534
69037
8565
7203
56008
83887
64133
61202
11019
89953
55866
88941
41429
65847
98134
57273
98470
45329
52582
88558
56070
93959
79497
63704
70543
11111
57843
42914
48161
13164
82279
33867
10974
71024
10398
5888
30276
20487
51505
95645
79238
37516
59429
75006
41468
72175
16196
54914
650
64708
70817
80476
27927
25213
28028
31949
78291
44355
65488
83896
5035
16735
94780
90505
2166
837
71489
58910
88714
9845
2698
44350
55969
26198
96433
51054
8960
59378
46922
51011
46855
21242
51943
39090
43453
76087
14125
27494
8607
33703
86761
45064
34123
92803
86484
47755
53588
9519
10128
65371
74586
61067
61141
6678
73868
98198
12109
20089
81316
31745
4293
60327
16916
78318
12479
42845
86452
98160
84044
77239
86258
94162
94823
58479
15146
5238
51159
60532
42469
19510
7491
20773
35312
53194
61875
25571
4916
89595
38040
7514
92699
49272
61892
42988
79624
67254
92815
95146
69153
86050
75698
81793
63664
34274
38295
60293
26972
49835
70353
12361
1446
23955
85865
80397
27248
87653
87900
54052
93325
35909
26631
30761
35067
86353
65505
77235
81883
99107
47941
243
49488
42351
87508
94472
66307
74183
88234
72877
21156
25511
38490
636
20232
11029
11871
47680
45475
65691
51521
46734
13450
2677
10581
93921
44204
15473
70717
57180
62874
1494
63165
64106
73383
67577
72253
25308
63143
88703
10101
11948
20469
30490
12967
46874
72268
13247
24686
87595
78584
90823
699
76318
52700
41009
87357
7372
10755
15898
5511
15555
93215
80410
94837
20305
42040
75101
55912
70051
62010
75387
60737
18701
42439
83503
89250
31965
66388
81784
89264
65031
88461
96269
50395
75104
19444
68162
28668
32407
16262
7366
57863
71472
39121
7039
36073
80893
4225
31099
81514
64173
30038
47586
10336
16936
47882
69970
976
56429
23477
85791
74563
8170
15070
97394
38920
1487
75927
73103
14934
50864
94199
8781
88344
3174
51564
29575
7476
12276
73547
19491
77990
61873
39061
52522
89415
95186
14440
13199
45049
25671
78132
36708
56762
96867
6240
69157
9283
31468
96175
47074
94763
59755
16009
21900
67714
45789
80430
10037
72859
36101
70751
31880
54013
40077
36028
14353
60788
13850
35113
70571
31735
60230
5324
37585
47488
76029
72451
48544
15536
75154
48909
39163
69421
90896
2136
40030
39521
14084
13687
86084
79968
55130
90998
82497
16852
27447
38408
2238
16540
37316
41797
54739
59762
31038
72054
57396
47038
93992
66617
62013
54124
18262
5453
36867
2303
55532
58061
81714
7699
50217
41537
57833
26205
4121
96152
48138
16215
58383
54607
23402
99999
91095
53820
79813
16419
19671
14015
30357
22599
65904
88874
77935
20233
88624
72644
71658
53411
13970
35340
49426
49163
96497
45580
99678
49350
25704
32065
33111
13101
52025
29373
41207
52705
43947
51473
32552
2650
3606
37255
80239
11474
62099
16361
84039
89135
47690
50743
49553
38820
70205
17634
13261
51413
93130
12975
97098
43283
71262
70862
59171
73644
16260
14206
18214
86388
15010
74547
68558
83155
66469
44834
69689
49302
21480
58009
89845
22539
7034
16347
6676
15158
91553
31750
19627
75123
978
75597
8484
98708
26812
78225
80469
87963
76724
62775
84253
79940
5932
45872
33469
61486
33296
88482
74542
23283
89894
34323
54114
99935
69855
30294
89828
89070
53274
83671
24935
41745
49313
74200
51947
68877
63879
5680
23484
14008
30805
51319
29487
1382
57996
19845
9143
80144
30781
45266
83140
50398
83517
82173
37284
74945
97483
70578
62049
51700
8206
19595
54292
46106
8566
47576
17139
60308
15379
7883
51974
46409
26650
24063
22478
54845
34250
55971
84859
45680
72535
19245
20650
80635
77224
84569
78915
56670
881
90259
33191
38157
81392
11967
85193
94004
88089
46715
2069
48511
76497
84901
56910
10324
67166
63627
53255
52535
26639
17396
53499
78787
69335
68129
98376
25209
17978
25458
127
16035
57152
368
15477
11989
89707
70517
56209
64803
58900
73965
74916
18711
30564
49501
71422
80284
39026
86434
1381
11710
88128
94442
32747
89403
64382
54944
88077
9784
63199
69500
31044
17140
51040
77823
4075
74657
86491
78294
683
99039
1445
47194
60850
31571
99937
19434
10738
24044
66672
63124
29017
76654
89836
53142
11277
76807
93552
24689
21287
52700
44150
66856
63234
73606
41434
98338
82657
8
31175
52699
5417
11008
78344
88947
53846
13910
21879
34719
37128
71427
91316
63960
98989
65643
3164
8777
19943
54715
70651
5997
13626
68190
54316
82975
27152
29923
52873
94330
53971
93745
83910
31524
94367
26370
32152
40610
53499
74433
49438
99932
49840
8176
74951
29242
17857
42926
6921
24409
27975
1380
97670
37795
14121
94607
62775
53379
94578
67796
92052
37832
95404
77903
25196
83986
37332
44744
8110
1565
26845
44446
77323
51484
48
94798
29348
64714
3979
15692
19456
34416
64166
34687
38
20963
79518
47645
52588
63445
6062
37496
89322
48402
39550
319
514
46759
83647
27308
1898
93356
95172
43585
92786
49915
30789
10414
70063
61976
80576
56044
55786
93029
63063
12253
86873
94996
73603
98562
84169
53192
23365
14207
65193
26034
79777
69106
89949
85014
20874
9393
32388
48845
45841
70536
51500
97172
41906
21605
95440
43894
93803
47973
9725
47866
36165
56525
36243
39664
91514
77400
83668
47068
6899
79369
21845
9069
791
12124
2825
78451
58491
38084
39403
26374
69098
18756
78437
78897
79991
76260
90618
35009
55811
59329
61013
38468
68106
4875
5413
1671
9062
1213
56349
8731
18168
27031
59625
57101
34205
61456
97329
32334
36588
34816
6465
48924
19896
17198
93749
31713
53321
22426
56528
56947
12815
38793
7441
19832
37851
84700
66101
46316
57042
27285
24969
20839
47210
95199
18553
58893
39103
62878
25144
13528
59554
82972
8554
68276
4704
96035
63643
35507
71807
52151
63905
48834
38161
37854
21990
10950
64889
13519
64734
34153
20555
31356
93159
89831
65041
22178
44826
65282
7610
10332
1074
11534
54772
40480
84856
54173
93331
77378
76264
30718
11928
70337
32286
12698
50393
57775
34947
68339
80418
24069
7700
22650
63320
10841
33797
75715
1092
27925
82323
47092
95455
5398
97676
24522
56307
77413
36522
8474
55738
91003
42573
60618
6678
88582
34017
83886
56316
21574
41044
84581
23543
14406
71600
92852
76994
13056
2395
46851
45654
20395
89108
78044
77537
41769
64888
70368
13601
38583
49421
4323
23854
15070
22224
38602
60505
44033
23255
26470
19067
70986
31582
11857
62466
23000
38509
1037
55485
88439
75470
59738
77316
26887
78933
42666
28495
14722
74657
22689
25162
31141
41893
50300
78396
41851
74444
40470
89251
43230
89974
53660
51178
88446
51562
10478
40673
28833
56219
55381
94270
68773
13930
63798
15411
50394
87744
69200
28271
55591
90568
71879
97254
37177
37500
79589
60681
68447
33914
21712
85097
30957
38966
73212
32642
44057
81811
22427
48131
76499
23504
17614
14712
70408
51445
31163
97452
50951
65181
87520
92679
91238
62475
11140
27593
51311
62788
64133
9447
12513
11643
59796
6501
84085
93848
57839
53985
67559
46116
69888
17476
26296
367
29683
13375
22486
7836
11455
81578
51980
91088
12031
28969
28530
46128
47523
14034
43298
70031
53797
22665
52981
20852
21448
93143
30424
26065
40623
84324
45311
43347
78785
45206
29333
43294
65410
36344
20159
27443
11579
73994
71639
17011
49591
16396
63806
47801
37960
88266
45619
84992
40526
44358
95782
27851
54944
5862
92567
8891
35420
64441
42254
4591
27317
37872
27616
65512
7154
78534
2818
42514
501
81409
79170
32706
32412
11782
17354
93923
50298
74500
66084
79674
47506
76418
64570
27915
7390
91601
56743
96439
82277
24845
48890
75276
19489
83269
79157
22241
47469
8015
57311
61574
39037
88484
76247
57640
75975
80090
92883
25707
49338
73161
25429
70076
43327
15418
16443
46170
67009
73346
66657
27657
17836
28838
53251
22305
83654
46627
8062
20944
15767
15322
46165
82814
34639
60268
3322
57498
61937
49981
61992
18777
7865
69583
19908
38944
81136
14435
82665
63462
30424
65069
42345
55340
70749
40585
37875
66181
96041
91804
79637
56589
29975
87776
60814
32462
21176
69641
70976
85682
46046
94387
73650
27797
42688
67697
8898
83526
62807
69862
34391
67246
94948
11670
24019
128
82084
18178
1775
38139
29297
27477
479
71894
73199
8795
99815
28165
63723
49755
16261
49821
91044
36078
88659
56104
75672
48722
27494
88327
28091
33225
73390
27458
75865
53915
40910
29512
50739
31703
7415
62270
26015
78331
43578
42589
95381
82217
72076
67369
88344
71479
84053
3270
24586
78223
39135
50329
19776
54859
24104
22862
68784
48000
47764
97397
48715
18382
5125
61838
3848
6306
52680
62657
97276
81254
98411
87663
39957
81612
25076
40696
36878
45835
33399
61618
22140
59959
12978
20035
90085
97980
23050
64410
67884
11430
92673
39603
16583
32399
30486
95312
92197
90258
67850
95499
46179
6527
46043
4622
95526
24598
98088
70322
46724
51441
68860
44188
14908
36961
63341
82339
39847
93320
12164
45768
63749
61338
96060
76736
2380
63986
76383
62001
10626
48025
37573
6238
16379
4013
59225
29744
72500
72160
401
73361
55628
86955
96865
40543
22727
87002
43109
31545
21508
18172
55388
28005
39263
87951
89367
67453
66129
86798
16619
6839
43448
78332
47837
11696
65622
74353
27487
23327
4770
52966
14546
50238
31465
48514
7053
1988
11984
40524
64367
33770
72746
95570
30367
98215
35989
70706
63266
7293
47253
70065
33259
91632
34852
57230
57943
7194
64279
65152
7240
79950
76365
12681
24514
98069
27024
32176
78627
58079
78524
36204
82873
46575
27507
2990
91052
92274
93336
40075
8375
54548
31858
93533
35476
24059
84318
6161
97476
98688
18880
92177
96872
63722
73110
88287
68982
49045
59797
61363
11695
58121
55563
1518
7535
63593
52043
6036
55293
42588
12713
64378
80984
81148
45015
87408
3402
11676
67024
85027
88280
59897
20653
85542
36847
68537
59292
7396
19532
33803
16760
39297
83620
37674
46596
58308
34876
84158
5942
17131
17441
50853
46695
61600
93777
48535
68054
97294
56970
40925
79258
10255
91430
14427
19057
60903
34801
3331
79312
12568
83881
69812
84163
26449
30372
10058
83305
53351
8514
7933
28164
79212
85941
85806
13178
36205
31553
8547
80838
74135
49769
81130
8828
97862
79204
42906
20316
15649
15640
2330
84351
10628
34094
74747
2309
42975
52868
82857
8474
13924
3632
54543
48082
74417
45935
5979
34543
40957
91953
29293
29058
89160
87886
13507
30469
31525
32057
15111
10955
50092
96637
60311
84029
46982
59813
4871
45344
96160
48326
99419
83898
28369
36449
8197
21509
57780
46854
7454
1813
63732
51178
46034
16511
73820
73755
85167
26260
55642
60592
47093
6337
13660
87533
92848
23064
4931
46480
18412
26040
32857
66609
5366
23288
51660
98695
87322
91740
15922
15019
96614
63816
39338
54712
37060
22389
84732
75005
88117
31027
93406
52531
83311
24195
76088
15630
21573
82934
29992
78556
63944
25581
16931
91574
40093
50188
35970
17081
39193
75581
50738
91240
87901
41344
86329
33048
24571
43565
93619
18308
63267
2758
89864
44695
3761
83170
23609
75892
84427
8533
79210
67744
93762
48346
31699
47421
53275
80882
86239
37775
59556
74390
88097
93410
26568
66311
68822
42409
556
61873
2252
8228
29431
18010
79987
19967
56099
26344
80145
6041
70912
59838
95479
6217
2265
1699
7372
30039
46368
32304
40737
35872
37262
10108
11523
4104
36432
45918
83312
30470
77668
36400
82391
71065
37334
92320
81736
29272
12778
69777
53499
86657
82348
88562
6852
44833
89335
768
73495
63351
39116
54947
76632
49870
23895
86296
20896
83179
92628
51808
70494
27080
65108
20765
40728
23706
48614
25617
14130
38547
53169
76041
6548
66271
17126
39819
50864
96363
48710
98237
36391
80667
61052
90778
40557
41136
28398
74171
16137
5368
19365
34231
52071
59988
69501
5407
8827
67469
39828
72631
40307
711
70695
52753
53431
11468
80960
78782
23845
63713
81371
39123
81600
31030
68006
56142
4177
78387
36706
23639
5902
22880
12679
61198
92576
95560
20776
84873
58064
6957
31451
38303
35598
52643
