12063
79590
5553
33039
69900
34295
29845
84169
46417
22940
28990
67981
89387
3876
87317
65713
6382
53485
21866
52605
13356
10185
50867
65700
58439
58914
76356
27395
96072
64561
1002
80104
83573
94928
22805
8602
47340
9035
2932
932
19093
25000
81783
26198
73938
23206
26262
88135
11485
85085
27286
47036
8843
15644
30701
89432
40080
48683
77087
64867
521
87710
46312
2174
96289
92643
51261
63846
59553
82683
1809
96409
28180
89086
64890
87172
84851
58090
79433
43254
85150
73863
45976
67506
16741
44123
99903
17762
22484
66908
94569
791
89167
76039
65968
70373
50525
44900
24125
70142
78292
13431
18082
86135
38271
91620
51112
51425
69758
84259
80699
75806
6112
76382
23887
57164
91867
16536
2723
67990
67522
35939
6843
445
86956
45554
20619
96443
4433
60260
60861
85412
18219
9549
97697
1697
86079
7550
86060
56045
34263
71688
18097
91131
66066
98924
17888
59819
38636
31265
38977
26639
17438
68111
92544
7913
36620
12017
29428
34035
90505
66583
22762
38592
56534
40417
49633
53329
3191
49510
49971
15416
67820
51875
48777
74022
98677
92908
63836
16905
43187
87700
85228
24552
30101
17398
5213
99307
37057
70736
97514
10048
57080
18946
93515
39110
77600
72563
79590
17510
