82006
60147
65334
86928
31880
46726
90057
49399
65775
23314
22448
8206
56740
5556
29898
20324
23203
78514
59261
95627
74337
52534
52867
47599
87643
90967
28310
81978
48662
20616
48435
95191
7832
21069
9645
78786
12716
77437
6415
3499
55179
72525
87793
87145
32559
89095
7754
34244
59495
90634
85368
72079
82772
49912
33091
97839
45399
98625
81845
94576
18130
78556
30124
69870
66689
84914
71014
20438
51236
5919
5779
28347
60924
79194
35623
50076
70874
5137
34207
68338
71505
80240
42734
38411
60869
39149
96626
75660
9494
23316
88301
98999
4200
26178
94018
66232
52467
80
44491
11535
