6177
68348
29661
66222
38410
69078
56804
74570
24971
70999
96663
96411
21612
29234
91453
73317
78277
88555
68719
85151
644
61338
26842
76770
45147
36274
58069
20088
20071
59668
36022
84625
31024
82066
86888
29653
52935
16930
83924
24070
32728
15229
53430
46376
26869
20063
57032
16390
56269
28804
19852
62829
17307
56754
7119
36410
22270
65956
12739
36844
55058
95526
12567
33900
18755
5765
52352
27650
20502
27326
85790
11098
86076
88813
51602
69555
21688
81470
80268
75470
43736
7970
50778
14834
78578
53855
75720
11877
93887
14755
79034
2445
60729
10327
44913
43260
61246
16677
58657
34229
50649
53085
30640
74006
54223
65933
93136
65222
30126
63027
86378
35119
57003
64866
5030
39727
11762
55912
59134
75354
87359
38561
14673
29784
63003
15242
18002
67437
79959
49983
75718
57679
94919
89753
56947
23519
79938
58041
8534
9138
12998
68391
25328
39015
56486
43958
97484
68833
52233
70692
64676
8947
71235
56365
43085
34855
43747
15419
55246
85953
61203
50477
85078
93787
85237
55387
856
74084
21052
21771
37414
63022
12503
91333
5524
77549
94448
59531
1179
31957
94315
2742
20433
48529
9258
70672
46467
58722
97899
58511
64722
3217
16383
49222
79224
4060
97293
95345
48630
214
16966
91849
34071
9025
21852
76773
52507
423
87751
84841
59129
48114
67157
70676
40204
52591
39360
12908
83853
14493
15602
8217
10356
73626
67258
65210
85902
18949
38917
12069
14090
17840
80151
39003
98046
9204
79900
6820
92643
54250
15612
66284
21142
41243
35614
49457
13441
96089
77677
13830
34183
59290
89329
42812
8124
51657
56190
32027
17436
66067
63460
19867
41055
90654
12653
52874
29692
89992
90773
11803
61811
45147
42355
62549
5638
80941
26128
37687
20192
89291
47545
98938
64367
91226
46017
78687
47235
66967
81404
49509
45045
23418
8172
24702
30785
61462
47599
49924
10742
51671
68498
6306
39100
26337
65167
8783
86461
48174
77602
49888
71040
21624
33505
8885
22350
71372
4190
18881
36328
24493
57237
60402
98153
97615
57582
28977
94423
8526
15700
6347
9873
2849
6630
50207
5496
10744
86848
5748
4698
26007
17284
33787
72046
30524
60312
44886
55183
70736
56091
26617
74660
29547
99392
52024
88715
27106
31875
61318
30434
26916
36751
15982
13273
19926
72883
34709
27575
8593
13571
33982
5497
15324
61643
12606
14691
95282
96932
39128
52083
42231
74811
23838
48299
37914
35197
82924
60525
10393
272
31360
27049
34855
36143
73217
80209
31569
28758
93377
66194
90004
77629
92961
99880
75553
42247
52342
90815
55892
85552
50182
12507
17650
46418
14740
51314
30951
38853
34544
63538
59257
19410
9534
89703
5070
86357
80908
23590
28190
74170
38173
10185
72593
85195
65257
51562
90385
56646
54054
32561
56896
95577
83410
39210
29636
27085
34310
31971
15682
91690
87877
53182
76981
96719
31849
93482
21133
73477
83278
15537
96409
17082
20493
35042
34069
89072
5699
88765
58500
44245
71147
77315
16238
2643
36380
56320
58658
25219
21860
63917
49900
67423
25128
14678
61572
78802
29679
60558
58819
88688
23839
17949
78535
68128
17197
86614
49831
86448
55533
41038
9286
87188
51662
57647
19106
92611
69271
52398
4982
8590
19559
42377
92259
42402
56373
12356
33982
64814
84550
62635
92442
44783
28293
38066
57036
60246
41650
89801
55565
41650
81581
1070
43565
36237
5553
16255
36782
90580
287
48506
85644
36460
95975
5345
77377
30871
71221
63969
91333
44840
7920
48388
26212
17663
12445
9041
64007
93306
79754
82237
34845
33900
40404
11507
99317
61645
96981
45903
70487
14885
26064
91276
56422
16713
94604
79770
15931
45215
15474
40011
85141
63274
45969
95905
50578
12848
15117
95499
15652
3737
50983
72987
31724
30063
67460
76771
42396
29042
61591
54363
20235
56100
67084
70973
58808
87982
7406
52757
19754
81221
92787
88033
24532
7200
9381
90131
23575
56972
56051
24112
71748
59157
94420
26239
88339
82408
91264
99872
82260
310
48804
54360
78673
81050
38079
64562
91985
26779
73345
67748
51934
28328
91325
81960
4474
19768
28134
25304
77177
14295
18827
39158
20121
78006
79790
69993
7505
51358
72549
44228
12689
59462
89097
78509
49934
61804
43450
3779
9792
79624
1918
45722
1912
4880
35430
96409
58991
38575
31277
32401
48637
28202
58765
83091
86122
74166
43496
29750
40313
53244
68427
20482
77509
63523
86291
19258
93482
29687
97669
68188
42705
20173
21694
31380
85578
18383
62272
6000
39392
59041
51723
31577
36841
87707
35841
2109
67092
26598
49658
87211
98727
33060
21547
98314
61316
18405
34835
93830
92959
54282
70694
3258
44803
31348
53847
64342
70371
50758
23519
9679
17491
22794
56030
9608
83654
18961
72598
76714
91843
73968
76139
63961
93183
62215
74256
43261
5196
79792
62093
34164
50038
47430
58375
63422
65746
12465
10693
75332
25373
68592
11989
80029
13827
31040
99188
22333
80263
1751
37050
77286
5124
34275
25589
30164
95186
61290
7760
78534
47451
79013
95627
1856
3264
92241
77870
80146
47742
11364
19224
7377
96411
58398
13316
37589
50892
82951
4401
22090
98533
11005
50597
44647
77097
49481
61478
38255
24909
47790
6284
71831
89318
73923
55481
28102
71904
97091
88050
54997
47525
81538
69644
61991
6153
86861
82605
50173
31352
39037
67878
10165
47349
83300
20934
95622
37811
55141
69126
81626
63787
8898
46231
47155
85695
24784
71472
78637
24797
74630
34912
77704
83325
64258
88901
70372
79202
86099
46097
57179
41266
9530
88611
14230
53963
8361
99962
53614
36669
75027
41746
78327
92120
99228
10344
21633
60860
95141
25467
43677
74197
45784
21987
69232
6840
95708
39229
89589
92201
63912
27825
18913
78314
67757
23166
90782
70345
45567
66696
4164
26907
40766
91473
79748
51664
63581
26863
67328
49197
77701
18676
52863
94627
68761
5751
49843
210
39110
41676
23777
48923
39041
1279
90901
5014
88527
65467
52588
4531
65453
35177
75522
75064
36458
85404
4315
33236
84697
33688
98058
60919
45214
63931
15198
66721
93052
16038
32162
97990
41853
24643
70328
80375
1414
66060
23208
26951
11501
51576
21125
76965
16219
87381
44207
95454
68314
6627
96181
89307
56012
67540
81214
72786
26352
2975
83993
46073
38437
1444
39249
34122
17625
97417
91080
69892
97409
49545
84753
95995
29578
89487
4021
1854
15226
31130
65583
9638
59278
40262
8919
71598
79406
78117
74571
43832
6584
48745
46805
57087
98990
99745
47658
13907
53538
48709
8510
3233
40102
33547
12623
38525
2270
13903
97499
93510
65509
83003
29415
30901
68663
84495
14208
93685
87963
67259
88109
56088
54060
52658
40380
11822
72078
33300
55510
10978
42259
70188
26924
43686
44522
5971
86396
8651
94083
66027
13812
97701
97273
76244
40442
73718
36774
86609
35530
18589
93722
53105
70831
80300
70486
96898
90593
53841
12371
29464
75555
89274
39138
5012
78652
32158
87905
37478
27449
66439
37894
98342
33694
47998
34401
93672
23943
88235
54538
4026
6860
71377
60432
59252
22571
66658
67005
11696
77393
27058
10842
66000
53240
50011
44337
21372
95237
12274
94951
83145
23283
81130
23331
4402
83793
47120
85958
25594
56301
19731
58134
90336
56354
76759
1304
28919
30821
60512
65075
17622
24738
69587
98773
41486
9776
3655
9962
11017
3623
80479
48073
9123
76833
59367
10152
73611
39114
73285
62691
52714
20571
93101
48625
6334
15046
21688
1767
64107
32540
43100
22348
92863
15544
32587
76755
70727
10203
66895
72185
12799
47354
61132
22652
44299
80785
98413
66623
71014
50467
11558
18540
54041
87044
22324
36579
56059
50536
42953
67220
89753
973
97269
83551
65516
31620
24113
68699
5166
56457
84617
8381
61200
32759
6604
47296
56955
16897
64378
32900
42078
96898
10195
17135
39802
18818
44933
11706
47821
25680
39782
95789
42899
57467
98196
56361
30866
18613
77961
832
78291
5437
76872
19252
59871
145
22376
89085
56430
80312
95439
9403
42477
63139
61993
23304
9349
2360
81494
37482
80246
82285
11434
76077
86846
8289
29113
12286
93673
75950
47517
5707
76048
12071
10856
35954
80167
19992
17138
63834
19776
28872
30062
70198
92882
42046
10639
19574
34074
3076
20072
70780
53303
49799
19802
9920
50314
6439
22028
12545
35462
71775
24603
51203
32250
97383
97876
52234
84682
14139
77883
71342
43424
57441
60228
1375
58740
62039
82055
47678
65315
45873
25710
6497
4344
79001
77006
60143
91608
38470
23448
58945
6802
82895
83328
94532
48986
41557
15325
81548
75783
1978
70009
55643
19840
97214
9651
64428
55063
39546
40746
75056
67267
20730
74896
47186
69137
696
57997
23308
87771
36302
85103
69761
44594
59719
48933
61240
42036
2007
53655
39201
69149
71646
62416
90269
39187
40041
37007
84633
76213
56443
71149
86362
74893
13261
15039
97682
67900
9399
38145
27475
48748
14040
79667
80614
14354
16202
91638
49213
11275
56440
88351
49467
92299
76215
77599
88494
15982
87734
64150
64427
50685
62496
83982
99965
76834
60284
48942
84732
16341
72038
55847
54949
56547
29788
41480
70352
77504
44781
45491
57680
36085
70925
76902
77722
8134
54886
66751
38596
40761
26395
29338
21786
20894
2802
47587
9455
23318
30385
44272
1624
61688
61633
117
90041
29396
72469
32276
11926
83649
56322
52218
41216
95769
92958
80771
87574
63470
79176
9859
64104
56737
25722
65455
53606
47959
70232
44282
50145
59071
29487
68034
77816
43726
15996
23188
91815
10906
73638
31896
48269
87868
45060
30066
88750
14956
69530
12373
22989
62570
24112
40802
9057
61458
63331
3237
24081
41490
82868
51705
90576
81230
31414
46046
73565
80834
21420
78107
91847
84230
44300
54020
93180
92998
78538
67653
27561
34013
90189
7046
15421
65685
64426
97445
48257
33470
74071
99486
78079
14371
86451
49167
49022
22246
33458
47407
99555
81016
21369
81336
16977
11222
36728
86885
57196
16916
12552
42816
