29255
96494
6439
41860
97659
80719
65409
71591
57600
3234
88517
56775
4576
64787
91524
59547
8868
22083
76777
5840
77945
61770
36233
22086
60924
58725
92497
59725
96778
16137
49518
76978
54950
67045
98146
18507
42124
2208
23405
57899
52153
77606
90112
45375
17447
46315
41396
33659
79642
54211
30705
38666
34937
36609
22038
28459
25229
53934
35432
23883
40006
8415
85156
37332
65942
91017
56565
72331
71241
18016
94269
55881
39983
30022
29028
78008
78079
42771
53697
68482
96932
58621
69605
49395
43465
70434
63872
64076
85933
15433
45489
97787
83764
65592
63380
73694
66647
73276
53193
28802
23195
26088
11247
48866
52724
3244
73831
68716
65038
67344
87967
25032
22578
69983
95786
82247
6906
97447
18818
39124
57203
33575
20793
63457
72312
70915
47954
95435
89827
58398
94424
6382
55835
34015
16807
98926
77140
54380
27029
87054
4120
99535
25300
122
26890
1009
96114
13544
79992
13888
79404
20714
41586
29513
46190
25666
81952
4462
53536
54024
63093
63582
27109
50994
16310
20073
21330
59480
27874
44045
36890
48817
44228
2443
33280
95216
67655
87865
60070
98679
50940
51575
44789
57968
15261
56863
17571
15159
9409
72925
23125
24380
408
36562
69127
95499
35687
19252
86806
12883
45206
50521
34255
31757
58253
65049
55930
10272
94140
60577
22822
44097
48581
76432
16962
32125
38295
28364
91185
16878
85210
64395
30499
11214
18594
38514
64951
44164
48590
34297
35519
33031
17804
8917
94358
16311
68953
69502
28646
62592
76095
38449
33290
4259
74485
12032
21929
31637
89897
67536
57952
23185
12062
28149
7658
80380
78831
51967
66214
82140
37823
71740
83742
72954
30478
75330
23638
51321
99830
83403
18143
30670
57759
50465
47210
3620
60095
88124
55902
52262
28669
85342
42787
12084
28231
79434
97267
15224
53165
13717
37275
9929
3999
2934
429
77415
36938
16003
71562
44758
51010
77091
87393
23038
36860
80706
45206
83600
48855
14176
56498
22166
77863
81846
28909
50441
95923
29252
30095
97926
16011
72729
85784
2862
60172
50093
90904
20507
57541
21487
67433
79443
121
65929
85572
72115
68624
38754
75848
74557
3337
77905
98923
52022
35633
72876
7163
22212
14661
39147
27454
15855
60657
73055
18253
95567
51463
97321
5555
68255
2052
45804
82214
53770
28174
77586
62993
53053
94777
55107
23728
92758
37368
68813
17168
10102
10290
41684
50334
81662
59663
987
28648
92910
40764
61742
20618
91444
99693
26653
73522
66207
17391
70599
15341
47429
70441
44325
11057
27587
97545
1585
2518
62356
73167
26724
50196
22380
80556
15604
12461
31588
45221
41751
43407
45873
36877
21739
63805
97139
73006
79085
61393
52034
60395
94308
6539
12132
92333
20289
27186
12881
78664
36745
73043
62356
23463
15316
13141
97628
80817
67711
53158
26543
13086
53315
29332
65752
47923
29810
34300
82013
80502
40614
56889
93132
95563
46314
72638
87328
