41122
96006
25193
99845
37637
37956
97616
62244
35099
64941
84286
51655
9051
1179
43579
32754
18685
64659
70317
27776
81972
69958
14612
16623
94961
18932
11188
41332
50925
97229
83896
6304
65150
4773
16807
15014
39374
61794
38058
86386
6247
48454
45531
49550
78625
55763
14468
24410
91146
48224
66321
57274
62230
64532
45371
95717
23508
11644
45112
54928
60648
39690
49885
48989
84655
20412
8937
34834
5932
90240
39867
44095
14745
60577
66293
58589
81207
42527
30671
18913
75492
81032
87291
42414
74707
44269
72811
66745
66710
68174
72083
28299
83129
13066
45538
30975
93925
49620
61103
60085
74083
54799
78361
48612
9346
64877
65614
8629
42391
2293
91513
99358
73438
65852
22101
15181
20004
49644
71390
41837
9374
35086
99006
47128
24307
82589
21967
43631
47633
34621
9330
85233
54575
30330
58214
36761
83008
23364
7622
86516
71341
89180
32530
55254
91275
5870
74853
91919
18452
93436
10199
36438
77824
406
19717
72889
72570
33867
34899
92603
55473
39200
49844
36027
29881
49200
50266
84668
73765
38774
91473
29940
64791
41012
68537
54504
47003
3230
61070
23434
20362
87392
2283
97538
53281
48400
17429
49196
15256
55795
255
82291
1781
59738
47762
32100
76963
40450
53345
48487
90616
21852
66295
46274
36058
74733
61696
40373
2457
82559
28884
70082
41277
93885
78954
56885
10237
39365
92169
33147
80156
48467
74703
25319
90172
61248
70782
74561
15014
93949
81077
30122
64395
83642
71126
56429
69037
6814
14579
53462
20437
39513
5232
1877
22233
2572
89109
9218
79839
14413
13221
51674
2021
56083
61235
77011
13164
38409
47876
58598
78221
49559
73709
67947
23657
52769
99857
63696
97208
98661
88237
78683
46835
14304
67046
23581
15005
32059
23545
15479
38268
25253
96567
82893
14063
24860
39729
94857
46808
1602
52982
11073
13513
11293
34918
52531
95550
17724
91172
47598
7643
27031
45265
17228
17768
90239
37441
24805
92367
56555
64279
31044
20112
88979
7332
62444
64462
85944
22515
22993
70317
87943
13692
53120
3321
86475
93637
67363
31700
94149
43492
82737
70004
79436
17871
83542
91704
17256
6910
55106
83342
57540
58860
58943
56752
67855
87217
14850
57866
63319
34942
1669
10695
97324
44949
87745
13325
49900
90862
54567
59087
17126
54914
82637
90552
74558
937
27298
6589
60454
79517
24084
33457
418
19686
28079
39738
74098
6949
9853
21899
6716
20944
1724
12366
53439
7733
12418
65213
32998
91474
5634
55924
58457
88153
68598
91149
7657
70092
80370
61981
73636
44082
26483
89998
36180
48325
96458
9165
99667
43718
43771
98661
49524
73609
84058
31801
89828
92754
56676
34431
37989
21053
77137
52535
68951
60485
63541
13261
20979
24772
28801
26175
97837
70379
92283
12264
28064
84824
79405
67056
71044
83621
45838
61235
91703
90742
84103
57152
60908
29147
44720
72943
77043
27696
31460
57236
45710
58687
10853
46963
99171
56293
9781
68334
84863
30324
61802
6817
3216
82034
2790
15742
29023
49099
9558
55190
7688
55433
21299
52875
78008
18157
83010
56977
36446
68833
2515
7215
24415
78976
18240
84942
89688
40912
33617
15616
45824
44167
85792
87742
29351
4918
81248
21234
33491
51383
49050
65083
79305
41624
33563
29362
70404
91837
72864
59785
65755
23042
86468
44406
96608
91957
26570
1505
48204
57896
30706
35303
24672
51684
50538
61897
16407
54872
21408
1610
93217
67933
80394
5967
53679
44672
36764
37569
71357
96733
48057
49394
91959
26867
57461
16373
51979
32556
3724
56574
9020
32586
23508
41933
96735
8367
27953
39166
43214
19043
50105
40389
20635
44881
27982
39891
26142
36922
9196
88646
29143
2580
37416
11361
58640
36635
8335
2184
45653
14970
63440
24701
80478
4469
23517
29425
92249
6616
50679
67717
9148
44641
67615
24911
11630
24471
55862
17405
48146
48267
1050
98566
43094
35994
52420
96527
90135
15268
16351
63296
90471
72600
9165
49061
65370
20238
53238
28211
44898
21933
12182
94253
10793
38258
25867
9716
50323
97500
24090
44064
60174
71716
68883
57750
24630
39159
99798
93770
80690
44107
33914
19427
74280
23000
2899
20466
6344
51860
93153
87362
65347
84109
91850
49264
43602
90183
31673
4923
38854
80761
70074
71935
49647
93963
35099
25701
83294
53522
19124
27759
8628
59721
4296
49442
2212
57813
59045
81360
56321
39647
53700
81720
39775
73419
5093
57287
28556
23721
74946
89610
52173
19483
14923
16094
33834
50952
72413
50633
37786
28482
45415
81708
75505
15728
2359
17226
63977
57715
63256
54831
73900
60315
72243
44024
53414
41811
78438
72154
63824
69507
81924
50190
17817
14775
94795
96137
67768
8441
13329
14093
52003
55084
96732
45132
70267
69608
274
22567
26139
32355
16281
98608
43771
20058
35044
22041
39083
59098
49627
37250
1424
64822
93396
43794
20703
76063
17243
2680
77148
67572
84611
598
96069
24708
86774
86597
58419
94524
58250
77030
49411
85299
2815
84069
22122
72607
24236
60694
50722
84151
92716
70761
48882
77912
67918
86644
32907
98535
42565
88863
16255
95435
66755
92261
32374
12763
62478
51479
96176
16133
40251
4843
30933
3968
85345
244
7054
62302
89796
9190
61926
61088
68172
75937
95895
57302
10043
67440
68455
65581
90151
86856
50859
80637
78462
88417
26604
87376
66615
84711
69628
74408
54720
68769
71558
74581
23001
82817
33985
92158
46519
53153
89485
40468
97970
76339
65987
6115
23538
85731
63101
76236
69830
49361
66132
13865
86112
50256
83784
43083
25390
78543
58900
10450
20304
20990
68140
22098
15398
68133
96066
16926
95988
71745
41913
25480
65692
76092
93173
81384
89608
15300
79119
97618
38216
16116
99556
93454
38236
70450
9304
59525
61035
45295
27311
78305
56574
78982
30819
75157
71487
72201
89588
61167
73548
19805
92990
43136
41623
45147
23615
18374
70123
92537
35084
42374
80061
5400
98834
55954
24987
67783
94962
85132
29412
15107
35534
81782
99751
26397
25302
56021
3405
94696
84393
62313
20280
34969
80288
40460
32849
29524
42288
79893
35832
29823
60659
71116
14595
30536
4798
31696
62615
6777
29995
45822
82609
58697
80757
36271
43423
38940
40153
95514
45317
47965
19283
38734
79970
69804
28718
5684
58358
86577
24634
30612
19594
53909
76379
19867
26882
41397
59322
25358
2938
42326
37115
78687
56534
35113
60843
55553
4273
35249
79075
72969
97268
11030
22432
82808
21086
48936
99052
14435
49132
45237
13226
36381
94598
69289
98438
52501
24161
90905
38234
21533
67816
89320
33545
90686
83518
64488
63490
63625
12799
52772
78198
81160
94029
8593
56794
78983
83748
51177
61471
927
73249
91276
19426
88544
77582
46587
68470
38183
17197
26540
9219
15292
8621
17275
17051
42340
29911
25793
80390
31508
29038
48650
48360
16254
98946
15037
90518
46847
51702
16655
94090
54157
85977
77554
50048
53257
57062
35927
8341
53812
26627
6842
14736
67754
90715
69965
76983
56415
58676
79590
46392
39069
83288
25590
42397
92744
22786
83434
92349
9191
49289
78946
6498
39089
4878
59274
59016
45803
46548
5321
99928
11464
14310
42914
79925
86650
2915
10048
30305
51623
16993
15789
3660
61838
41831
82750
47424
83394
67584
99545
52049
85077
63423
22197
88293
42850
9896
54239
24022
29908
62772
4041
89905
10827
39671
64928
45518
31892
91974
88695
82632
1306
48851
26399
90832
82818
97653
91613
2123
84182
95494
60826
25798
7907
90562
63260
82616
45924
68465
28104
48192
42059
28910
51003
19532
16651
41052
13626
25749
46135
22046
40218
14264
17132
32649
3283
57184
29308
86171
96870
39027
4237
22634
80435
6611
68485
8679
58819
84687
18335
85599
4628
86741
40822
2799
48140
79437
61182
42060
56827
91263
10349
59166
1704
91224
57785
43791
60911
1787
34718
25954
42293
51804
80784
37933
16227
19743
83085
74234
37516
65339
40848
78993
932
98636
81153
30169
18787
89402
71609
82909
30929
77030
24381
80715
57638
1290
62655
42289
84117
37667
25382
84444
21623
87545
19085
46981
24767
43102
86519
44149
57086
19556
51152
79121
87750
23254
13719
22856
71056
3146
22501
76777
7413
15250
12523
9899
9534
15033
10531
85352
848
80968
32378
68681
54440
64047
57379
40877
40329
52660
50201
22782
86482
40002
15058
54332
74681
82044
9214
62034
86217
38115
13252
91144
84348
93266
54078
75219
70565
71850
3291
64993
79923
65110
28344
41024
87047
12099
56823
90072
78903
92860
25216
33895
13003
15565
22687
60948
20450
5187
7672
26428
32075
30262
70520
54146
2894
36474
38929
94942
85191
90999
74598
70619
53781
79949
89292
59874
18346
42766
16436
63223
67196
72027
10384
17630
74427
54885
9662
18363
68153
83254
92788
45545
1350
13835
75669
85921
88806
16233
48100
86578
73786
7635
23583
76633
66242
35937
81426
45397
50720
39676
13039
71035
96635
82781
45328
52481
16133
34891
3299
9139
5519
43869
91232
77892
75058
26164
17211
54956
18937
82776
59328
1348
2272
33847
73544
55032
45255
53284
72961
70247
65910
76303
66195
35114
2377
47445
28538
2265
73240
74338
93799
4104
50157
53368
96964
14200
10883
37440
68246
59434
12745
23117
77626
83661
76742
44690
55634
13001
655
76117
70934
75288
25894
58255
28152
81808
67306
88455
60441
88100
77726
32340
30440
12451
59816
43459
20553
5646
56567
5507
88907
33584
48793
43965
90850
55583
63094
89221
17553
55514
46915
11640
83025
10317
98766
90555
98785
61063
51041
23768
11466
85369
90562
31908
42767
56835
67634
62881
63494
17079
88276
55641
53796
79026
6257
79632
50267
26310
31654
26535
57240
72930
50904
94294
4370
99787
9615
69933
65537
90263
43937
87278
15108
45701
58840
8479
86785
73469
42394
54068
17521
5235
73991
85342
4430
21123
31424
24945
76120
26645
26813
86801
81562
53592
4633
74918
29380
33528
16404
2101
68357
23082
46094
74222
85999
43938
97904
83460
16149
37224
73779
54803
88925
21969
61878
94111
26679
90322
29202
93152
88193
68464
61647
57293
90010
21422
23019
34907
88558
82471
10848
44049
89647
43330
71354
11590
62969
50110
98474
62755
78355
11725
82623
24885
47872
42471
93672
38245
53210
28508
79622
98838
61381
29194
37554
93431
83386
98524
66629
25377
10311
39372
44296
71323
69201
83802
76309
53537
77117
26409
58779
60307
35935
24450
56170
97784
2718
18491
43053
10611
90928
20347
79341
65830
6253
61284
88877
54813
97495
92774
89442
31318
7772
84531
78605
70311
44145
70124
14307
1790
44876
49159
41683
46627
12642
66826
8320
57304
99324
56561
79026
45440
73417
49637
8144
60110
74621
26677
52535
66248
61840
10425
11598
60762
90611
76519
62023
55532
13878
89601
14450
51064
86078
55789
56819
22332
64648
19329
64890
39242
45375
21220
54301
48110
38379
80653
20453
47726
90104
56282
62652
3796
83309
93699
