90277
23784
4769
75377
63381
76288
86341
98595
98632
20662
93489
77511
11377
43488
86929
1057
45835
47236
94336
24134
7719
39444
89716
62619
91865
53267
77564
49214
17818
26111
69393
40933
17602
4562
48103
49641
29456
88468
51737
708
38825
74757
72279
11689
73713
12476
57481
22861
5263
34536
24084
4526
26471
88766
39352
12170
81992
51145
4489
59908
253
67458
78295
35049
35411
36113
12333
82210
61169
14506
29901
44105
71092
4061
70289
57911
30727
44945
37046
71109
95752
30491
34437
58708
57284
33443
49768
95015
621
21448
40946
57361
66894
27545
18394
16686
88460
32943
68394
444
28325
13996
50922
96943
91515
3027
19228
7117
92003
13545
50692
39599
52655
84411
48890
88080
87661
4600
75348
26112
66961
90519
96120
3827
90446
1149
83108
33490
6042
92864
92954
6368
90252
35319
57369
92097
72339
32642
57930
33530
24057
19972
25644
65001
55673
34429
1017
50007
56010
91726
13863
55497
89320
34872
93790
54274
15049
59800
2046
74458
27862
64277
83353
95524
24811
11050
72361
24134
94093
43961
53542
69757
85594
46624
65598
80073
67235
87285
61911
89169
93144
50586
87045
77761
9736
17234
6020
43975
4036
15932
27819
35665
54918
38456
97544
818
82398
78371
92631
71286
2728
26639
47717
6888
87760
33266
50036
91888
95875
23111
92622
93907
88791
36129
46146
66519
73603
47573
11850
1108
12682
12051
47860
10987
25377
66838
19039
61364
64945
24477
6594
42421
91740
82468
27807
19591
79398
78685
58546
85056
84614
25216
21606
77572
83092
60400
2509
33885
24301
69140
80991
84355
85959
34894
21241
7823
15456
3300
46844
16336
29929
56991
37410
49017
9301
23914
23052
16208
57299
67355
20135
49945
24337
34872
47158
84874
83108
75453
83132
14945
22826
69500
82510
45496
81292
54585
40486
87817
65301
71455
10406
23815
19372
99372
11057
2134
90386
97650
25770
13860
1458
21093
87549
35904
92171
31098
64859
23224
4324
81254
11236
77226
92417
16567
18526
17013
16310
88799
18388
32580
29866
56925
9551
4632
13845
11325
49392
34387
13907
33090
37555
38536
35330
75720
36585
29488
14864
35446
20016
19089
37150
58598
11829
55175
88186
19640
82902
24680
41602
91920
99830
34415
54792
24637
79426
11224
11477
34209
88218
46920
84836
15929
40460
50195
11076
82725
90412
57679
57168
41786
85103
99334
38429
27014
42278
9624
91750
15441
44932
25166
38472
69204
98595
12038
77283
61102
80441
21474
31950
61452
20352
81374
41335
86673
93194
92866
19827
35919
68884
16108
35213
71091
62202
97574
47940
27679
47867
12270
30851
79146
58038
68630
41687
15936
59186
51301
51988
41700
13212
57563
45512
33958
63691
16867
86889
64176
52313
69739
26931
23102
62857
22277
54887
51221
10445
85516
29897
31326
42371
55141
23996
60420
93456
86321
87241
81591
43643
70913
1881
22968
58498
29814
26975
60518
54277
91960
47432
94176
18409
43269
32210
2715
33508
93786
75216
21712
98455
29315
39460
71157
13618
85075
50077
44458
98931
3174
85096
58996
43357
13168
