56235
56233
651
98463
38173
12481
43235
26079
97419
8506
80794
76832
87217
92223
93622
64257
27855
25371
5474
26883
96164
81258
14953
59792
43522
92188
80504
85156
6254
25783
63183
95754
84913
42242
20537
17257
59662
60392
62220
38
77823
39438
23388
69308
96623
65412
85418
33597
89268
16612
75213
75882
25716
70664
4071
29131
20821
7359
65071
68594
2066
56072
93921
36853
86617
34258
12385
54466
73224
24487
15701
58991
48300
41395
35809
58215
77494
47127
10714
79647
4177
84066
17032
47601
4475
7019
77477
21677
54836
13561
38019
85988
52582
90838
20445
87203
92510
19903
95215
81236
43311
4530
86821
63432
86438
20452
19218
25087
77014
13112
32478
393
61490
7249
53450
42173
39948
30039
83001
92246
92337
91003
70330
92791
97368
6527
80871
18810
60406
4598
28470
98581
32423
96224
34802
28932
45910
54026
99405
85257
15633
95618
12246
72355
52207
29623
17382
61519
14692
85582
41089
11719
84748
15505
30712
78302
79382
24426
11545
71332
31894
60103
58210
37481
61361
67872
94266
4360
19859
95662
79231
44203
53571
16318
15686
85067
39042
19626
10830
21952
59064
14809
56617
57757
64021
75782
50537
34515
23984
56070
65101
99043
14470
98047
88299
83980
94479
62034
99547
75103
29267
4813
16066
78899
82322
44215
43166
544
51054
56715
88570
91769
48982
68345
55707
30532
43518
15725
13784
49969
42930
73656
53528
42817
88667
68467
76601
29281
49944
22191
34010
91295
36345
1633
24233
44157
41161
78549
85317
37755
3278
42391
66851
53855
28671
45440
47543
93443
43889
1692
71980
28591
63387
5449
16243
27089
40178
83343
56170
44847
34982
44402
4364
21033
82903
46754
2448
3983
58645
56716
3602
82099
41352
36243
57080
93276
58424
58127
11192
38843
43951
14790
84142
33546
81928
56197
13150
81837
16992
65130
81440
82497
6138
53964
39984
28606
53734
46078
86264
87916
19115
87167
35885
19874
11147
16979
24515
9878
87352
20385
7413
78760
56566
68160
81717
56088
43541
52536
42709
89551
11519
20296
99418
99503
54527
7077
17222
77711
64989
80559
25507
72380
54207
7327
26990
97753
53394
68462
71959
55884
51137
62296
15481
60618
29523
49265
58524
9400
45632
13407
85004
57203
67719
37857
45874
8690
16090
17496
8726
59682
77561
60986
86725
87034
59347
66501
84276
7255
23314
90742
48449
98494
94790
69208
94996
7964
71410
87169
85697
47449
67026
45457
69808
13224
13232
12910
66534
53531
6844
8199
57755
46707
35460
7774
80622
46113
35261
33785
58198
94215
35249
36099
82948
7479
20400
45891
72706
86186
2503
44830
51623
8829
21975
63458
69649
29476
16507
95173
63271
8247
83139
88044
77498
70056
29192
55743
14505
4783
54477
30978
47872
93262
32287
70070
43034
67783
59892
5704
54320
93238
30636
36379
26887
85612
39160
35711
17876
68221
68930
62513
65294
2902
26913
53426
75389
23299
84139
83906
69722
40483
52831
90486
31649
87288
80893
57487
18598
17117
72780
84748
61325
75364
52083
69408
54212
17192
65694
54458
51729
54099
91952
19486
25343
73502
55943
14944
2421
90532
73940
70257
4105
59275
45965
38240
22672
91921
90539
73516
30527
8558
68917
81031
92801
67817
77440
12256
63398
9136
96128
31296
80400
71096
69222
20874
40880
37096
59101
49054
27466
99597
58865
71549
79411
27192
70838
1602
49450
64999
58330
39685
64402
98146
56255
18625
12240
60584
82498
86291
11268
77030
26454
17579
78104
84518
3711
20213
277
91867
56605
74736
36591
307
49198
28087
13762
26585
52225
42276
61419
41042
38636
84925
29187
57483
13595
36830
59361
89109
84128
83198
46607
15327
33107
49837
2142
87968
99844
43335
54011
42233
85277
55147
57371
67667
93614
93508
59089
37471
94224
14218
59513
90724
37720
31602
40919
11331
88343
4328
86926
50015
41154
7262
101
91195
76972
20180
35970
75310
70626
86901
10853
48949
8795
24288
8209
30098
92559
89566
3573
43881
96758
46544
51728
5347
33363
6554
31401
208
19260
58351
22559
41827
80238
42655
99285
63364
32386
71710
57264
37650
69775
41934
59061
4195
52944
38658
72652
22659
36627
85923
99083
65204
97079
51445
33685
6311
19500
77125
81895
67984
84222
68834
55559
30692
46752
45721
8476
25972
41144
18932
30987
85303
48849
42358
12572
31682
65876
53921
98705
65269
69941
4925
13623
12543
36274
57093
94205
79592
75843
12201
81809
74484
72969
27580
48716
41106
80665
62259
93721
77418
91498
93164
27455
94770
39373
38529
82190
11747
3359
26558
23151
65930
78532
51396
8769
70052
50765
65553
45867
35207
