82142
48533
98699
22764
2633
68879
88261
76876
3193
55115
35780
85395
51515
18315
14702
88715
21567
33024
10533
77942
23445
71983
63677
16058
30005
48649
22670
76386
95126
47272
13260
15632
36669
83641
33572
51244
13561
6108
18491
18378
60901
16161
77452
40461
59573
60540
98965
59157
7590
22776
32500
34472
29218
21057
3776
43822
4933
1417
93002
80060
30330
531
7323
72783
15342
40771
8461
34674
16481
11660
14495
65221
54265
86515
80727
27816
5613
20826
78757
53076
76698
79760
35168
11166
55609
46240
61645
38960
16132
68119
6869
4075
94069
13272
87193
37136
85725
14773
7909
66057
24558
4854
69796
41696
76441
55939
66702
52939
56592
69851
19045
91081
11949
82111
55438
38296
31623
77288
50019
23095
