64601
5310
96614
99946
72428
51488
79902
60575
67282
81006
20412
922
6397
59772
4697
94931
64956
73073
49383
99249
61159
96154
30889
31757
33738
33613
70384
40186
46642
95017
87419
18961
80128
93827
46749
41045
30025
79438
61974
33426
77734
38032
86940
39775
12313
26942
21257
81926
83008
39364
79799
52978
35676
31492
27737
49153
39758
82539
62431
74991
43827
99621
31409
37013
7199
24076
11722
74685
42687
43595
40078
64334
71313
65367
75511
71608
33630
59488
96672
21116
24284
38985
84434
98129
16547
3070
17119
96468
21763
33623
10454
79210
85011
1393
67285
24376
52747
8051
63088
86452
60802
62966
82499
16443
81818
69480
39358
48056
40060
74414
58176
75728
48523
16736
68469
21339
48330
96502
65060
10848
33656
73617
17240
59447
26766
97431
67590
94465
27197
62838
47291
28901
96759
86278
48923
35299
57695
95945
40023
59621
75254
34480
71109
57825
67837
79592
30375
34071
38025
98257
23954
8772
45991
63580
15413
47156
53166
79855
41068
34581
48471
81030
28724
93521
32074
90505
86625
98959
72294
56097
96668
63891
70179
2988
41354
34659
63207
79613
17483
57086
74698
6699
41259
48643
68728
78039
29256
39363
1667
3092
47604
24761
70987
26130
57796
7713
49522
4406
51668
93078
59122
78696
60400
38762
81499
23564
42784
60012
25991
21852
6548
29917
74115
68119
93186
18394
98982
69149
61525
64393
13985
76163
38168
81620
39670
52968
64001
56761
90264
57064
55086
11013
72096
86582
13579
60665
54954
24945
69700
30548
24429
97268
9319
45343
48366
37772
43392
48080
93785
55854
5264
72588
11978
79968
19753
27207
68949
53108
73983
30805
35977
51416
34080
78917
70796
98341
94139
7786
13736
50764
14274
67160
95144
40631
3102
8857
495
65912
26671
47479
67831
38045
80626
52032
98518
9571
45319
82845
46766
25258
54603
96813
15982
62790
48210
5839
30722
54961
44903
88288
71871
14336
68987
21314
59647
13440
86328
23145
44132
8825
57645
68685
16239
35721
96685
69272
83379
41483
28733
87984
63578
70681
81003
95554
39374
62440
584
58823
78547
71494
87900
93533
72596
78442
54077
6404
65840
11825
59118
97554
48120
64868
64455
93712
62299
53152
38253
35044
34108
25950
84709
44043
66361
13605
29676
63571
52150
66084
84049
63000
52369
13714
23681
76310
51741
60114
69974
54090
54523
99463
28853
82565
6142
35501
47455
47086
30229
68035
77698
94992
51908
4238
93755
83266
37612
46633
96530
80154
19337
7433
52387
26691
86965
99781
55635
54049
26102
60421
74744
95656
50895
65486
40735
29268
31351
11322
62900
33448
42931
45655
11761
45392
72518
50915
92106
62560
99357
1152
39955
39309
32123
36732
16499
91504
24048
26898
39307
37053
6827
19254
86531
68350
81058
7391
33358
73832
76003
83106
31638
146
44741
78048
23370
73875
92087
41140
86674
82351
42151
42746
48890
46738
39985
44293
65605
7429
47517
22972
56713
81713
37790
95110
10997
46734
13523
38950
19272
46982
76079
77835
72805
24836
49186
48157
68457
25150
18058
42947
94984
30425
79086
91604
35887
41803
7819
9028
13428
32937
43715
23274
15657
68734
58971
69879
93764
99032
25710
23121
90551
8465
20919
19738
62511
28079
11736
18998
87775
91725
45044
34527
10115
50782
24790
67930
55183
44508
98065
71990
69388
60079
86679
72101
74044
6359
94835
78628
97857
68479
95457
29957
49358
6528
47848
16321
17535
10941
27560
47812
43716
29631
55707
46518
90645
37476
99433
62355
45758
27461
77840
34900
34797
64583
48397
49433
89206
58589
67713
64387
6143
79665
17520
19518
63510
62389
61807
69407
4017
17585
54277
25233
82124
99145
46639
29289
75592
53473
57734
31345
99411
12857
51067
83689
24045
80948
34058
22595
92205
98406
36176
57932
48772
69887
45079
49779
47049
79710
79982
11169
71146
22873
59712
39443
19114
30512
79239
45222
24351
74486
42961
17611
53817
94443
15601
37031
10793
2549
42310
22918
87161
85998
58420
82574
55622
45492
56241
9543
65806
79068
1430
65164
9854
44964
94649
65335
52888
14667
55591
85999
81639
57835
65934
95523
10601
84495
45359
19876
99167
6728
50514
47396
75561
71979
80640
83940
33736
63231
45543
76346
67963
57430
1711
32370
36507
82910
90587
78671
548
18959
19348
14890
67439
36285
9034
41516
78400
85789
97450
61989
19945
4895
24994
85349
5582
25614
50412
84761
69768
36599
40458
99374
39629
72625
52515
2222
1595
79252
82490
95246
59920
27872
81603
34033
91934
36900
55203
29500
40932
88574
44304
21483
51754
17624
56292
70084
46398
88037
55069
64655
57419
67188
42897
7368
85397
52814
66293
88644
23427
7623
56544
35041
96363
8750
71775
76723
95455
24888
41947
51275
50058
92543
30799
33352
67254
74752
19427
55552
87507
50480
85084
64915
49884
1033
95716
41536
33916
30968
65882
91087
46817
85338
22910
11392
54588
2518
13483
24697
13420
72448
40345
61936
43856
53811
56391
83010
4339
40477
59142
18010
63040
57492
22444
18292
37290
9960
74214
13462
68455
4334
79140
80561
26780
11000
13479
45142
95476
39403
25429
50416
66274
52618
59046
50285
89679
56879
82243
4827
62318
63453
160
82680
1080
35163
54033
3780
49136
97933
2644
88019
82471
18915
58569
10675
37222
27091
4621
3809
57891
79662
47273
84354
74434
58127
73280
34241
52228
11615
63354
5657
23115
51890
82443
75411
97978
44344
10009
26402
81739
32403
95712
91276
60174
78937
25946
53668
4630
7574
64948
65738
45501
79299
90515
7279
98227
45234
78855
81251
86615
75223
5689
13381
97454
73653
21437
99339
17671
58873
27183
21995
50674
655
25082
43410
82094
81322
41954
61445
66765
70487
28059
9268
38590
80790
14372
67544
2833
2584
71168
53700
56429
99214
48305
50440
96056
81355
93332
36544
15995
68795
37397
86997
68210
91152
10881
16616
55647
75165
808
51613
56355
15545
90298
26888
30877
28807
26658
23365
48225
45051
49202
79319
76804
1383
70481
32366
25827
62459
45317
74714
90005
8589
