49338
33107
57473
69674
45218
99878
11302
62660
81204
53046
7362
74900
87671
54282
76027
92780
76148
91740
35561
47149
93553
89554
14983
1121
42384
74364
79689
14710
41685
26579
49963
43708
66228
66797
41650
92062
42056
53723
25541
51921
95400
98892
97453
33612
48920
35674
74506
8973
34363
15241
84761
65812
43920
40608
97168
98692
73924
91324
46702
41784
24005
36045
45551
83281
2405
77942
35454
87608
53903
28824
28491
91670
70613
61811
4112
34405
67917
49549
78659
25114
7896
55218
40361
55361
30806
6924
47510
11671
11550
52630
20469
51820
92522
62353
19195
66207
56826
17138
87107
57609
96572
204
59428
37566
99828
84631
79530
55711
26752
94121
40350
49540
70539
98597
69615
26447
2044
94782
7375
67287
78271
13431
82282
71290
54424
89479
79062
45841
76774
29149
3813
81473
49351
8938
96014
42337
61298
45392
6584
45504
33707
81732
59818
98615
94850
47615
43723
14756
20944
61720
28049
25823
85928
63352
92211
71256
48218
78858
56352
47677
64989
51444
47945
66814
65262
88818
3612
84001
31922
12127
1274
27644
39768
21761
41236
81207
71783
30855
46527
43607
89049
55699
32552
21338
61071
93778
4046
86215
72742
64792
73356
66322
11797
37730
58236
24552
6308
18012
9604
19088
25621
22646
40164
33231
80124
28534
73282
8158
55318
39283
8202
11546
93891
79259
2457
27389
95840
90144
5237
57953
41163
74858
36529
87472
52240
6488
95974
69011
3736
95725
2706
60865
56723
89325
12828
56945
40674
54235
34705
26759
32090
87279
63945
4948
81740
78683
89702
47757
23842
49212
81840
4385
59986
75322
54554
34880
48201
14508
16189
43015
43279
43858
57286
82556
28334
28889
99286
38399
49527
46814
24888
80218
16016
98676
37669
35612
55361
58156
53413
32166
21029
21364
8451
13408
33053
41550
81407
42331
95538
55424
63850
67987
75423
33666
82677
45568
45723
17196
72448
68487
93510
32901
19417
92139
67924
17793
50693
3357
96768
18921
21713
17010
31582
77883
63155
61747
90550
53412
84428
50613
56210
83250
95050
19045
50649
37425
97499
52709
54699
69024
25556
20726
59670
25713
50651
75990
40186
45473
55435
83626
14978
23447
78545
91069
18783
3239
67461
58801
43009
15697
37382
29493
15406
60914
23201
25101
79695
5083
28971
26414
4990
42857
24625
7610
1776
57964
13279
69577
46341
115
94099
40076
18763
84581
75482
86239
40899
12373
51249
15494
60316
3525
38528
24685
63673
33795
90226
93960
18808
65930
37227
11969
38621
70666
85882
61954
31827
39779
94896
94518
55728
3709
82373
62181
14404
79716
68551
93248
52059
92985
42706
38120
75709
32750
53685
29827
4049
28256
62750
62414
79994
55248
64637
5728
3295
12699
78212
43242
36554
41597
31565
40714
13113
92873
18115
27827
28450
89943
80042
2385
28132
72817
83272
47192
14785
55378
84301
83451
84186
75179
53287
71342
66279
65980
10119
8343
90768
37265
50595
68979
18922
2090
88381
75820
83319
54890
15048
90911
55464
64219
85330
69218
17609
11938
67579
21288
49504
79971
60514
90957
53484
58503
66440
65808
31955
25385
28455
2979
232
25514
84550
71029
64638
61066
65042
79724
20854
88738
61449
93938
30784
8520
24686
5318
17479
20031
8393
65901
77195
17062
59223
71585
45217
88755
70084
20158
67840
96699
54612
58543
26694
1232
71575
76974
33649
17383
26416
4011
64541
91129
3841
5619
28270
9
40099
93982
74108
98676
26555
7286
24553
49561
47153
30387
83665
1591
91562
88117
11529
5797
53056
57904
74351
85615
15589
16454
76653
11858
58101
56444
57146
67543
55684
83468
83065
26187
37091
30956
9119
8636
65923
11305
76651
28167
48919
55201
16236
81325
38876
77889
82650
92851
92065
51115
94971
77065
60375
52517
76598
35175
46998
10429
90006
68262
31069
61401
39345
49061
71528
90157
70272
62143
33313
27279
30938
91782
40098
38623
70605
9467
46877
52250
43115
88991
43050
33638
51275
55966
42018
37967
15187
60800
86873
39494
72662
49410
3406
62333
23073
94300
61444
14395
7341
40183
63441
56832
76248
12912
65289
24979
36833
38259
48458
53651
82375
17966
4872
49563
5308
14474
66349
96711
64382
2889
8928
76759
27482
58980
89118
35773
39752
65397
23854
31098
72992
34778
8864
47742
96799
68086
81185
82300
74504
89208
70742
54313
27677
22802
53154
19833
31828
11301
11386
30107
2908
99194
37361
99407
9294
47877
56328
20427
97183
82828
36569
93032
48664
16277
54920
12783
1198
33261
24635
99292
44848
76624
56279
31324
79312
17464
14599
95470
56678
51503
54775
48312
57759
18979
69939
38160
50013
5949
58558
31791
53214
48212
25015
44025
95449
25635
59672
73581
76449
4236
5714
7310
67873
56151
9234
66738
70875
63517
66310
35789
20164
91257
26230
26628
70698
95930
83561
11750
28273
23021
93415
74752
88497
33472
74048
9689
29966
91704
18848
29454
66952
42057
25785
27330
4493
98307
66577
72673
54513
71783
60100
11629
65441
67658
84978
86853
89762
86059
64823
86390
64051
74936
86280
81182
4242
94997
64771
13144
25247
73512
55783
51264
78509
43434
20570
41922
63657
87014
94277
41406
11186
29003
71815
33571
51885
53493
22196
3626
85769
50621
65588
60249
38300
34583
99008
72539
44968
12796
36349
15739
36609
27554
36359
263
7327
36143
28215
92223
34479
43140
8494
20476
85912
49499
75646
5164
93475
37033
88458
35773
93818
64020
83551
72927
37576
7936
63611
47464
46260
54665
72828
82776
52537
73
8948
71941
94024
99444
82354
99909
43365
73026
21766
12774
48031
51831
43446
1144
22172
26815
46170
82660
79795
46722
67804
39919
23667
95092
40953
94377
7522
65344
14950
74232
70560
44348
69353
64874
2630
9486
30179
14168
36141
42028
14207
1647
76450
60457
69049
70658
76295
81430
47016
65535
31877
23163
49404
12098
28222
76297
4443
29075
89730
80678
96967
60481
98135
62976
50749
74572
24593
9718
75504
83674
85188
73047
29692
995
69901
32397
17582
65489
13904
64305
34397
33880
77033
4659
96938
60182
72381
22992
48722
57333
38186
66775
8462
63018
78521
75161
38624
12323
7783
6303
46831
53555
21562
70068
97052
30365
82196
8891
99787
93275
51178
23490
70874
96755
22533
97318
97091
84205
11403
33841
23358
62496
30273
84168
81164
20181
41658
8995
10722
49049
10494
88521
90420
87373
92130
66694
76266
15051
82478
92055
71332
95733
25790
96443
90610
79150
22449
34949
60213
47996
4294
95769
91538
18082
48210
76977
760
77874
80049
18748
1982
84143
80450
74187
88351
14090
41696
99681
29649
11192
40478
46550
57130
51885
85292
39814
76806
3328
69156
36973
50882
38646
8439
69995
13754
25375
76802
87065
43718
5289
49638
27148
94483
39324
58808
80055
1593
44
20131
7471
18046
55869
36765
26234
657
6274
488
84232
64151
95176
9843
91331
43473
50982
99225
3069
56502
76028
26197
93202
39100
35628
95687
92670
32381
77485
9160
17232
38069
45920
14499
53730
22023
42204
98004
25827
38265
22193
3819
14089
66258
15551
88011
62396
2726
97041
14677
62909
25966
39655
79639
75222
55378
31829
3656
1818
61855
46535
71542
11586
45724
8725
6190
75885
88060
19454
57207
57567
98500
59903
52735
72325
28103
16628
9977
23885
89307
40543
25082
99831
26717
76432
66222
3185
12251
77284
75083
86416
96044
48250
41432
49156
30591
48759
53047
58653
99737
18114
38989
52877
26419
79859
18079
90213
3475
23249
36382
16764
90380
56360
27620
32588
45397
74694
58644
51537
17462
91564
28461
65884
4991
32124
73759
46566
99855
1587
96494
32580
73933
9
69819
89017
32904
70931
97466
42146
57408
39266
98693
32163
75170
14994
65992
59406
59415
13534
95961
38269
28615
71145
25119
14532
30584
14209
11901
46428
29924
75013
93667
97578
82010
33396
