11098
24022
60731
33843
39885
63583
58016
59963
20473
32921
45396
59754
91089
11745
30149
50910
89622
96218
52702
69203
52747
49000
76869
36567
78044
1122
91813
51771
88376
942
11541
9937
62927
90719
59406
81468
2496
79699
54897
58402
77994
74112
77867
6765
70591
19114
71430
47191
49511
5472
58883
22904
49243
94634
92312
4070
1746
19879
20948
20633
51223
28323
65863
11903
29127
38848
14290
30503
95285
4376
1576
40720
57372
83427
31755
6863
65449
45525
98720
75932
40860
57764
9134
20711
39523
25737
75537
24342
68493
91025
43476
55515
71632
19579
40047
4573
75342
50565
82892
25174
38530
13658
68470
53582
82311
64225
66353
58229
84447
30513
82294
5872
11108
14672
17027
17498
24249
40360
39994
27067
46783
93642
17640
49242
89661
61066
84425
8466
45089
29002
21394
81029
28340
71766
11892
54247
6945
22505
76957
12422
90542
90485
53934
17929
67254
61142
71032
67638
63165
91183
87812
69758
70359
89968
17028
4317
35919
60593
16743
1643
29382
59302
43349
97537
9409
20255
85866
1290
91721
84190
59811
43225
79871
64127
24992
52174
57983
79022
5705
50096
60351
87176
34115
40982
26592
55183
8023
14269
23070
5329
52726
79177
61359
94652
3368
95686
72767
92176
78944
70324
4278
37415
2047
40498
85753
82819
29461
79803
80798
45597
97883
18531
74478
20261
56336
88579
69855
32196
52241
69999
62341
44716
61649
37631
35918
67321
5810
80580
78538
51234
76023
94721
45322
99810
96626
29022
7695
66040
92035
111
14146
57126
87873
76391
54061
16967
68539
72887
59907
11429
33973
91128
5019
98374
46897
84525
54339
24692
38479
29035
3692
55950
45159
31341
99507
10784
82279
12346
65394
41784
21183
62462
74547
77379
25645
77011
97713
15097
20729
44964
25270
35603
12627
82347
8962
89019
51535
72811
93916
90301
31308
2180
14798
48821
49387
51247
11316
48815
8448
41637
77743
91964
27208
13265
98728
11164
42023
48712
39399
65381
23174
49810
51605
29521
166
14761
30099
367
88874
60346
2586
49868
40057
83052
65780
70480
83536
55431
85937
73730
25233
9527
66833
22827
65320
67943
50742
2873
44873
44898
58689
58144
95716
54591
95096
54858
63556
32240
38933
60047
98037
94364
18557
62336
55002
39196
20670
98855
36042
15538
15141
93994
98323
68959
86955
60360
3698
7908
54109
60009
40303
19152
16015
74958
42093
1861
20825
89937
52202
82763
62047
47509
24526
20949
14938
95904
34624
10259
1360
13329
75771
39587
28166
58991
48947
77036
78611
70704
16556
2535
48934
1724
78843
25336
12920
65309
49251
87784
66151
34527
50389
74769
48610
26936
25786
19507
69366
89060
64304
20591
60360
83905
63829
62693
67590
76314
18811
63871
47511
5562
2215
56130
74044
32354
26645
42689
77315
48254
11661
65358
29094
39615
54727
58504
61874
5154
1777
62240
58636
36623
40014
16843
78546
85358
90384
62791
90214
54045
60040
26429
68578
72611
26162
79908
74111
39955
61673
25920
73735
39079
80639
72637
81705
62200
76593
32368
95686
14542
50533
98618
78332
770
77005
30561
87922
36403
36477
1360
92939
68046
50118
47380
14955
30909
89123
88963
31785
19838
94892
80313
38587
965
38658
85951
8454
45077
69566
74260
15985
20941
48735
64851
87451
47077
43502
65787
19365
63849
60842
89141
63646
54239
31834
38944
12007
11307
20124
24238
24820
23102
16458
61818
40409
21643
98667
98136
69602
21618
81876
97933
27312
56565
57273
18362
78038
5552
19396
11655
75387
91765
11722
76865
57073
25894
78217
11738
16324
61861
94560
99503
8206
30172
66916
2153
65123
15055
28407
21747
89586
45560
33840
34333
64309
77912
51814
97259
69810
56670
79929
79990
27881
55633
63684
70971
95697
15912
82483
68627
19727
18238
77263
73326
21295
49332
33385
58898
26286
48017
99725
17290
70390
45792
20307
37953
8225
48673
78370
4810
29785
42408
4396
67905
40884
41516
79437
74333
95609
44113
72973
23569
78270
99130
90564
46042
19932
40261
70752
90598
349
91877
62894
46436
29934
6136
38095
18177
28420
47642
33860
18914
16916
2281
9824
45398
18322
50211
96647
51980
17397
9520
53095
45461
66244
26662
7365
81730
33581
62569
47862
56854
86904
99174
45930
50251
65443
70134
38439
95631
48869
1629
71682
26573
51714
34378
9676
67949
76770
86415
39755
21817
42022
7641
66269
26991
55183
71803
69200
55184
47459
49330
18714
43425
93944
5300
78902
52414
41833
70836
4426
83525
39665
43365
32276
83365
10880
81393
97531
14120
43202
72882
56791
70353
71698
72761
85861
78484
17865
24776
29306
23886
9659
5621
18645
12325
48116
55160
43255
87441
5085
85580
53439
94008
33523
94415
98689
97919
46934
41667
55784
48153
77748
89584
81193
93419
55769
45220
30131
46748
57321
90468
20684
24978
63283
32053
85528
76922
29972
54834
46123
53910
20629
15780
64600
69511
67286
73092
77146
41384
32842
5215
89334
7563
21446
37868
18622
61892
41593
63703
2174
58921
60830
8840
49171
97235
3569
73306
5959
2030
34223
48231
19650
92678
36718
91712
31210
39094
48426
27358
2613
81904
31646
14768
84272
15740
68998
29624
58778
12418
50415
82521
54855
91325
78931
337
11504
28039
60021
91669
86452
29015
54998
18755
45297
90111
72810
2298
38188
99797
46549
92743
69363
44090
91094
51806
91581
19548
66520
1437
12219
63135
78249
13903
80758
63304
29426
36300
38387
25347
3538
65572
49627
25884
96093
15965
3170
6299
32945
49890
64516
22986
9900
75251
86545
93493
63268
47591
35817
51916
34299
53751
72174
54395
21757
95272
27125
56082
26378
34374
62554
14672
78542
13119
55402
62391
6224
7231
46326
28284
44125
30056
10679
85699
6865
59270
58749
46076
49211
19205
48810
19442
14548
15029
1360
14486
29127
81538
35795
56600
34122
78917
11841
61045
60105
40626
47189
10128
39286
54398
98
48284
19694
36367
51108
26998
92477
40483
91572
2686
68560
30583
28349
14989
44156
30913
43801
50355
75952
62378
8148
26374
46265
66415
27249
16000
36084
16158
23079
67625
39603
15444
86405
66907
47714
90181
11617
29310
99917
83780
22185
8531
54170
78550
21875
55281
52446
78382
61644
63334
66108
4526
95045
95334
89689
75887
6011
89533
14243
68060
32037
10451
52183
71141
73072
21385
4346
95426
71848
24782
57023
6163
74899
37645
71749
3855
35174
43501
83924
4917
96969
89856
57636
19052
11770
80677
53560
64299
69658
47087
54387
8492
95091
66304
57971
76717
48144
38787
92230
18387
92715
26623
27787
84662
41733
2369
64479
27207
66068
56891
46038
92656
58617
67184
13618
53653
77973
30714
43326
86972
57086
31517
25486
81970
51528
15117
34106
38512
19206
14248
3859
92494
68837
85457
78864
89242
87977
87816
22654
10309
63103
59347
81930
47557
33995
24130
78056
9934
82607
93715
59724
42991
42624
10066
87811
38895
30080
14150
39172
15641
37696
14190
9964
48099
5988
70663
71074
40712
82762
11351
78300
41895
9246
39018
68188
13557
25900
96779
76752
85697
73875
11759
2784
45618
79095
46334
55
34090
45119
48090
23450
46655
48221
4540
72890
67273
23534
76731
75909
93640
54625
7056
24811
48761
30572
70904
37604
11734
14331
69212
43189
42222
74167
39582
831
17703
65889
97257
51467
50336
17846
4149
64177
1196
62879
3962
84974
63578
81875
54604
17029
44258
72074
35211
61574
31807
29956
4451
26922
4464
43309
39227
69404
96555
20003
88421
64493
12088
42027
35075
18980
46908
22485
72159
25798
56666
60566
62071
31925
86864
34886
68029
36776
63373
49157
16758
63599
27065
45769
76154
49599
84585
32690
9062
81872
38792
26975
94867
65698
57024
4225
94302
