37571
62965
83422
31006
88713
74315
19692
94304
70931
67103
69899
89814
31149
34329
47049
71165
1065
89296
26429
36071
85913
97223
22080
83360
78246
52449
51258
83433
42633
93753
85610
21908
54834
48084
1921
13047
94663
93857
87593
69481
85653
38986
26420
57834
46590
15964
88753
66020
70067
6520
76828
57332
71458
21805
30781
88843
58040
80529
83834
27244
52467
47116
66110
3911
67418
14696
95755
12823
68916
43629
63284
69881
84726
95262
10511
20257
11158
32742
28931
1590
46725
95987
54103
45159
34332
96248
12362
24604
25002
17255
84088
42340
85632
54528
83812
77489
60866
72200
21582
5981
64887
7591
2324
43420
22800
7752
40294
54350
3211
39348
14318
17796
83752
73492
66118
38213
69490
10521
48837
43478
40514
76211
65793
17067
39479
90567
493
70306
22468
83049
28144
72349
87261
4016
16137
20529
61956
61125
66428
51747
83844
91607
26255
66789
23547
66532
95290
63765
12659
11619
87119
54301
14454
20596
60853
66683
36725
31781
24694
23869
23389
36288
27456
21040
77245
87156
96329
17382
60091
82681
49552
99793
88397
4391
11247
72423
92822
332
82283
75293
38091
17717
75837
37635
6081
5504
9252
27208
29459
27095
54779
65495
25799
46086
91004
40543
22826
73902
64007
64113
84293
97133
62726
87893
42957
34534
36536
14724
22236
8890
34698
15075
81321
57335
27153
86494
49908
45216
73988
74270
28142
93227
47006
5288
14998
75274
70928
73827
94021
95441
44090
58039
49221
6396
18873
38862
5864
88736
70661
39365
91015
71003
60767
1793
86912
33494
3575
72058
6584
5478
81018
66955
55616
35090
8590
58109
56549
83878
46221
18437
3133
73920
64631
41889
80485
94372
23220
65270
34211
56478
89030
92140
96591
71309
28039
43127
81220
12879
29776
34404
38774
20792
84197
16654
26103
91208
15774
90551
78407
2654
93915
51586
90004
24102
81129
7019
3024
56732
50736
50788
75350
67931
4485
78433
49222
86319
47078
73353
70139
39998
29413
98225
12036
36696
55224
80908
49213
4126
56888
92909
78044
31626
85277
80263
32272
80029
25849
21638
54484
55704
48582
56542
83398
76863
22865
47694
91628
95452
80150
15942
61859
76343
86937
13553
20700
77054
98578
82261
58944
15817
424
76156
54582
63619
6995
16320
80618
46683
82134
84031
23598
99858
63543
52452
60739
68555
23578
2910
43615
17071
74916
71156
14620
64550
34415
21482
38746
36338
91462
52100
67690
88093
88096
93912
65919
32794
7374
76579
19027
76643
83728
781
13566
48889
94474
73588
24526
92707
65162
35078
71705
69519
23122
28647
9465
17556
63343
44889
95687
96913
48745
99511
45241
48019
52910
89418
10861
88182
67527
7921
50039
71747
39085
89992
30431
43406
69744
1512
98187
21347
15856
82678
83767
57152
44292
5052
47992
32765
61465
4159
77442
71325
12902
5122
22791
58317
62226
67510
36246
92224
97562
37390
5001
9753
80692
9511
96459
59712
49670
70628
27931
31746
9163
16145
48646
81377
94421
6597
75113
31204
74586
57909
52221
69584
68956
39949
21937
12782
85832
91591
69078
44300
57780
47289
79326
95996
39378
10152
88522
89593
53965
99530
24247
14323
24417
47342
40786
76683
99660
16686
26804
21683
93394
68704
21399
91448
84420
9249
8688
56688
89003
5603
73655
29270
4860
75277
92741
40053
43640
13917
1469
45104
14177
47347
28412
5560
92352
64033
9867
71681
15017
8506
2857
89958
65270
93788
95396
43713
74236
21364
72463
32199
50570
80999
33694
91002
63057
39467
74544
57399
43950
17219
36511
88349
51131
95095
3992
45909
25664
89354
75430
75135
8038
82620
64641
12888
31109
800
94560
82490
90721
81567
30104
48781
5989
88718
59465
30916
20385
88521
73860
96068
62078
19105
14600
86271
77368
52020
53351
62701
74584
66289
46504
87000
67507
29567
57848
97599
87132
8501
75038
80499
38504
10915
54868
78612
15403
96156
19917
31511
49817
76755
94890
88315
65405
74480
14803
90437
24590
86949
59146
78059
7435
67139
66239
34456
37132
17459
60252
45640
71710
52496
79664
19349
14468
90093
30442
76988
56711
89138
99805
4906
55472
64226
57168
27274
66240
72327
37686
41819
96099
84637
50839
41810
16207
27998
81531
32943
74240
4579
54461
42144
77170
75952
13830
6824
72695
28261
29939
27739
43635
18892
81826
66372
43805
41842
80814
68619
46137
38933
93690
584
44240
27112
96199
89388
47121
8221
37656
72197
33465
76978
25672
69992
86622
45327
46371
19168
14403
56904
19907
13635
68783
74023
53739
32867
19803
81447
96791
57226
5212
66106
16511
876
72840
27
17803
24751
56192
74903
97892
27284
75442
11072
84424
48968
35767
91091
35439
68372
2889
48678
89331
11798
71721
77481
40502
46574
8173
10928
82152
78828
36458
64405
1478
30602
64652
24004
34542
28289
89798
12346
88154
94635
497
61242
14350
99922
99717
73444
79385
94457
3472
61260
3634
14113
32033
8538
61393
23433
99534
14310
20300
36682
25061
41358
68934
36218
33795
10986
28127
89731
90249
56534
66621
53083
7340
72431
44937
33930
4814
73047
92638
82759
48432
6193
83687
72634
87393
49760
12146
26679
21608
56852
86241
53223
72719
4684
52613
52514
3197
45577
34587
66062
26348
54607
18362
49898
76756
17738
49271
66454
65441
6736
6582
6217
26953
42733
9808
69999
76627
58978
72076
65373
35413
35146
56835
96729
46956
90519
13018
57398
7033
91398
60780
64425
48962
49332
74970
11819
80292
61022
66800
56501
45841
68251
95435
92655
63
96701
50767
14838
7782
66261
36209
17941
56453
52213
46052
32977
55440
16636
75804
51681
18170
22431
25891
50039
71584
88573
59187
81093
13956
44494
51082
70784
46934
93954
27130
17068
40579
4325
17793
62184
51192
95890
72411
80710
910
17606
65227
1907
45296
60670
95151
63864
606
79365
27940
79103
75906
59770
54534
76507
56904
1317
42541
72884
18134
53557
39193
18909
98041
81093
43572
58881
57545
13331
3517
41439
56836
72498
8312
19278
27429
63338
42149
79923
86914
50946
35284
56709
42378
49407
99941
79427
55130
93206
66219
37406
94162
65839
39620
44371
88663
15598
86257
13997
946
97204
14456
77855
80342
39791
62130
3334
25833
56663
18173
98090
80681
80326
3121
19753
5778
27485
9373
44828
30161
73019
54534
89143
56867
39373
32759
13676
10265
88385
58467
94231
46989
36260
84389
81193
16793
99205
41629
26457
51913
17197
93261
8646
83949
96405
14993
44842
35780
56997
16464
37334
12746
72364
95030
67235
22037
38246
70187
13357
82223
15799
81294
44328
45819
51350
43829
4725
46996
87379
50137
91833
3799
44244
69498
98698
49658
70187
49293
81208
42518
28398
44141
92251
1550
14187
3131
14328
51222
72781
26588
13543
10404
18835
63308
32484
50200
42402
56774
37297
58394
22970
64615
35109
90660
63079
69390
81969
59089
96118
70766
8615
7152
19079
99254
1601
46841
50376
19898
90734
88544
15266
636
10246
77109
16983
4555
20757
58579
60390
27834
1868
41256
56746
45912
51054
82027
53177
49246
53583
24302
98443
47013
20270
37436
77840
92207
25159
59185
24358
34780
13595
22517
40666
40868
92647
56018
47076
25567
60483
83159
4306
34363
79039
9868
46689
74017
45219
82103
1430
37552
69847
15578
62547
89998
30735
48284
34362
81585
26489
43138
58694
33371
21038
72864
92355
96568
35378
52125
7139
21363
12676
42958
43137
83586
55593
48725
58091
8313
10600
29082
80373
98359
53039
13862
91305
22547
8834
67336
33679
43784
33977
55934
67678
70159
61338
2330
72836
93643
15809
66685
25235
40455
93448
81878
62835
94725
98027
83725
88649
72834
29291
19466
51405
19651
21194
88204
86432
69856
35566
65525
95652
67638
26865
91178
94936
66283
7078
53503
59459
35503
56335
87154
53314
88850
44413
11774
38288
6135
51091
78354
18565
66515
99153
57381
93013
26732
42885
98200
54824
75993
87015
12641
99441
74051
46291
87539
76022
32290
94309
10624
45152
28941
91655
2128
86060
59052
28100
80516
30295
7426
61317
54885
85644
98449
85467
28891
53991
20603
17013
21433
39915
45403
42256
57903
92978
60623
31320
62440
26016
15883
86709
86412
4136
35008
61064
41287
4739
84071
48361
65060
7539
96594
25561
40564
85391
48139
97598
1319
31670
41339
77587
5914
78016
9410
16271
35519
27439
71279
79979
70747
52122
74676
64745
33871
82652
44897
25737
40336
46047
16423
95783
89509
93558
62153
64533
38803
96108
50751
90655
47560
75133
56467
23516
47526
79667
17724
17856
95257
16718
90903
35297
88467
91264
73952
39832
83116
14682
80818
11009
30944
95956
32137
18099
68187
38719
90259
21335
25372
28994
7371
92150
95398
13440
74350
73386
92464
35985
54942
32531
58008
21897
64957
96332
21431
72688
9414
93493
3180
62673
21879
73666
55690
8564
59754
15595
73695
17189
96844
84995
69590
3238
20257
53657
1822
8855
82562
45252
64673
50011
82052
30450
96355
60722
44121
54215
38992
5555
54939
41519
88837
83258
54965
94227
8000
49939
34337
61521
29988
48909
84739
39003
80516
46121
53094
27475
52345
35062
11267
61420
18295
93054
2940
99315
40139
42072
53915
53180
32715
91540
35331
23133
72417
17980
50613
94231
97091
66972
76468
47505
30435
46567
25809
34845
78141
18114
16245
68287
85317
80393
21599
78232
15108
86046
55890
2279
7023
25437
89328
76598
65
62431
24077
15142
60621
9012
63899
78520
37911
81220
96260
53957
80886
87570
68077
90538
89580
62970
77008
59818
41243
76046
19040
40852
26967
5884
30091
60864
58062
5384
34450
58017
53103
42724
66100
71107
96337
39886
60308
2527
66082
7756
22355
45484
67742
11016
67857
14168
70261
82831
94869
66501
37100
49312
91800
63051
63243
16777
7138
62865
78268
21035
7099
17194
52173
37226
25512
85493
45459
1207
66618
64557
77839
99016
55928
91299
51016
39667
46879
52422
50118
38314
81757
10130
65652
1794
74196
31993
23272
26599
27540
95263
82174
90537
28451
21129
64598
43646
58370
82839
8701
81383
46778
23078
94973
13647
49694
10629
82405
26923
74420
64124
4785
73620
87294
71523
19769
12635
35029
38019
73788
68233
82219
2136
44405
70535
17668
70103
48368
90196
10428
31911
58416
82343
2787
38999
54773
10354
11910
43129
48351
28794
74434
18769
51783
66624
9053
17186
41739
66732
90964
29430
51368
5918
29018
67566
55239
40645
11526
8713
60834
98189
39891
84866
408
60263
573
42963
24967
66747
35381
44287
38112
870
57678
20063
71711
3975
27811
50966
97588
7967
44911
92277
89875
66598
34201
23552
1179
12928
9046
61903
92394
69637
65171
41409
60754
91285
20870
27625
43661
23192
51458
5840
36827
20299
78844
54451
54444
81195
67803
90717
76396
17427
49399
55144
72897
96270
38963
82919
70516
66359
