40176
67043
97864
32083
19579
90639
65298
73704
43529
7721
27264
80509
52341
44562
93587
79275
3098
25966
41656
28216
35710
87180
71925
98210
74247
6848
46356
83051
58509
1000
91898
55321
57117
84579
84043
90048
47905
76622
86482
37028
63969
97993
12102
34475
94473
86410
87802
21628
98147
32526
51052
25996
34381
22981
79624
72126
41935
61545
57608
83078
98484
27878
10598
23258
75578
24959
855
61792
63080
60816
59261
19352
74715
7974
45085
98139
62104
84923
66821
84663
58515
7887
67789
58060
45508
68322
78739
32831
85763
1820
66322
14248
93618
27478
61116
47088
21160
53280
31773
93918
22209
62694
82914
87876
19123
20425
93536
66670
38079
61132
80009
9491
97326
53949
63107
66586
29884
67764
42113
92419
97263
97449
30626
67706
3994
49646
88560
22984
54099
28190
92667
57015
146
3890
23989
76957
23060
1142
14808
74087
46653
84735
89920
88779
34644
84187
57486
11532
39925
50118
53264
13008
75916
97385
18649
95372
58099
53105
97761
9664
20140
94187
71735
89501
43500
28612
9367
10089
52027
47493
2481
93363
13738
50768
71616
44978
60864
28437
73083
26991
86182
61345
11955
41208
98778
90792
67217
22541
25587
94615
65090
19117
26416
98892
94453
66474
49635
49055
44331
46869
93292
61951
57550
61514
52164
81258
36980
33544
25081
62680
11175
2530
28836
22472
64753
67596
15110
93086
65544
85480
15025
43135
75273
32322
42331
35343
13513
93562
70678
15806
55629
54972
63017
50630
84618
29705
71928
51885
84037
71160
48474
63831
54602
89544
94209
12502
60603
11191
66007
56965
63920
94023
96652
18982
83209
39972
25435
9275
23761
25764
42519
13259
59540
7127
38388
46822
13087
38341
15447
43643
71265
88960
62684
89517
95206
32601
16262
76320
31388
28921
29027
8447
7405
19172
50130
57992
787
8199
72304
31408
2146
11303
38819
80021
54945
3083
14741
59529
43349
17171
17818
19499
16915
10752
73194
82871
86275
25792
3104
57609
97502
50103
87820
7902
94522
5695
37302
679
8699
69291
94420
34731
72654
60473
50011
54325
41390
16588
87696
47000
17978
10378
92066
26057
23328
56238
47703
2310
19981
94074
28495
56755
98409
35908
26755
36090
60944
9718
99939
6398
93262
37420
19049
16786
96254
39484
87304
44439
62153
67359
60281
15264
17922
26684
39399
20210
26247
69240
29513
76323
29824
99623
48345
13758
48217
63840
50552
5197
88190
61332
82502
92500
8227
49363
15119
6956
85839
89313
11689
24076
72309
18053
75065
41671
83692
14444
84465
20808
69139
70920
75901
83256
18074
73178
42224
16148
16238
37205
28910
94866
37313
52180
79887
98498
61604
30224
44101
58747
46163
69548
87941
52804
31801
96242
71282
23418
61556
61744
35603
85316
2508
38005
21500
56098
8209
70389
79865
31886
32558
19583
66133
13237
7594
48065
10189
75221
27471
84157
35887
67075
38790
27240
63623
21459
23500
41385
66965
51094
74729
21498
70098
11471
8210
6006
66678
12264
22359
53169
12662
67281
18602
94306
95763
82978
20230
26538
12446
98981
82793
10089
89667
10553
72028
90747
73092
22549
96276
76801
66072
7207
19565
61548
44432
63947
48776
97446
90920
8384
83747
96035
90183
49897
42703
48923
208
52322
27028
39504
69401
10729
69241
42441
99812
18770
15875
88584
66498
45672
33065
6642
90616
89725
86749
39759
29545
26010
41719
75079
91201
20081
44133
17458
1666
36465
663
84680
55367
31103
44099
815
55251
80213
80004
16854
6748
64584
41959
93268
63794
97919
43930
37863
37793
60605
7486
4119
71082
76184
58859
20110
45369
46765
36247
36216
42527
45791
21326
50987
264
51790
10542
98868
8403
95144
71610
60910
72839
81402
88479
90168
33737
49289
84133
27198
62110
19337
24696
17835
74648
89906
50634
35427
523
41412
51243
52732
5865
16668
97138
4894
31675
55523
72143
34204
29225
75353
737
9851
83264
5464
50148
71354
97891
3097
97200
53131
82519
1469
89201
9430
16065
66188
95419
73811
86392
65351
41127
55431
98960
90785
39719
95561
23757
3146
90060
82104
2806
11949
86035
47309
71896
43135
93131
54441
59633
91383
82985
12869
14539
2150
80921
47843
76624
79280
73841
91171
53713
68050
46210
52081
84786
20639
60425
73735
72674
11245
74522
80189
46702
31483
94937
71022
72181
63182
94991
26436
58153
95328
90738
44313
27389
24663
55062
42526
3339
55324
68096
24759
37611
91900
47541
26144
48504
2443
75919
26218
66232
13182
43511
41015
83698
85107
55482
83560
93018
14065
9626
12593
47464
90654
37174
73036
26116
53957
13309
68540
94201
74019
86266
96392
45978
1999
44354
18123
88976
34035
38731
35342
78502
45129
6461
89673
39555
62734
93124
8047
19636
66220
57214
70251
402
18046
49535
84247
58724
55187
17
16654
8431
95282
11634
40682
72850
40942
56505
31908
35264
97794
92833
63442
89453
57105
72947
26385
65768
32195
92555
28885
39475
79344
39153
7689
37629
78551
33657
19773
48304
97244
23404
68442
1735
10903
77002
58250
36789
8600
51919
66126
88132
68543
54195
62325
29579
49011
86376
14103
87318
3406
84514
57473
93061
94679
78001
27970
81640
53997
67042
24
50159
1295
1737
96384
86559
21210
64006
93955
44258
66908
99023
70489
86555
46464
16361
7749
49527
31662
82678
91104
75427
17522
57614
22933
49892
52301
82419
97789
35764
52397
16916
70970
33938
14317
34532
88956
17340
36725
27433
40114
78005
69652
44198
27140
99219
15006
81010
58891
14728
12828
73997
8592
45313
61100
95146
87832
9308
33401
37113
41323
88170
78365
83301
76114
90762
7628
98737
735
762
4830
44538
64723
10437
17252
14210
56998
41027
23797
13523
42819
25026
8264
57386
93293
78939
5258
36906
88904
26377
27572
17773
59076
40870
28518
67082
53460
65354
429
69930
27496
31010
61420
89359
64684
42002
36545
43658
51113
14601
96551
23553
63970
59303
77747
48493
35050
72773
69836
66006
2773
62772
25095
31017
71725
63725
11896
63067
57492
13165
8333
68504
6304
50022
7570
32036
44023
64565
85575
27415
27007
76787
63981
70585
38616
45114
86111
40258
99428
10539
12556
20690
36674
62648
34222
79332
88976
73442
95364
78062
6141
82507
16903
30865
40617
32745
11189
63122
17118
49791
83375
98066
10025
30162
21709
94508
54342
53311
89282
86599
65302
60971
43182
31153
44179
53522
23463
51013
3399
37589
74026
73932
52762
21681
80189
5620
50382
97388
33685
42908
36915
62520
64754
28352
39680
39530
13174
71180
54514
17674
45316
11107
87465
566
62680
81356
65919
72152
88872
35107
9289
3588
66634
35666
83103
11104
44259
74766
47133
40677
81624
75730
48156
99149
60079
58611
1005
73434
37544
92991
47758
79539
50429
40738
84217
61340
27378
95843
95302
15419
46326
61353
46502
52726
36000
64450
37282
20439
95736
99888
34089
98106
83386
9292
65600
51008
64
49219
80896
70656
82626
74435
42424
57429
34
64500
49968
3581
38127
51556
69241
16198
48821
65125
69311
79155
34404
95727
56754
90724
35334
93344
31248
29194
90832
58981
77246
92742
45552
58033
49462
31722
82775
82673
6067
41680
74781
17149
92833
13602
54462
14655
83877
44246
28746
77371
40249
93901
74004
42266
56290
41500
76394
14458
25492
27737
5959
57180
72554
95686
42303
42829
66372
