44767
63070
74416
67927
42682
73171
84397
22002
18322
68318
98283
53902
90815
47559
62352
72084
54162
95902
84934
66368
36709
58831
13903
96366
83252
10565
96804
3766
14571
91740
98405
46039
66195
74249
23978
20311
33263
96271
98305
70479
51603
98895
80152
48077
26470
87235
49913
27973
79879
33565
94100
63662
25044
37775
24576
3739
92187
61293
12673
81088
23788
54660
88757
29363
29366
6046
56347
77563
39938
48261
96546
22792
30554
75192
93323
83747
85629
35105
93114
93045
66299
87863
23214
95181
1585
35895
32629
78754
65907
64598
86314
86488
24319
56881
39139
14699
23805
78671
39480
35014
84098
67481
63954
45463
94673
94477
64641
85541
55941
12038
18027
30354
12127
43380
934
12704
10919
18606
82868
8737
90700
12409
16511
62765
40014
92650
28478
19905
95899
46188
60998
81379
47814
8559
91851
96649
92103
87505
64656
58988
38303
36857
94540
76647
3058
6886
75234
50499
40008
70006
2805
824
44748
96595
48539
50864
42782
34685
58859
92827
15399
29423
33745
33225
43468
3444
36740
38741
52380
7676
19446
81249
22731
43620
1300
11207
90775
52742
31470
72300
313
66406
73853
7060
83384
10630
98479
93091
40972
63959
32976
92648
66925
73877
26359
94447
8381
47445
3994
75959
84194
45203
47427
16834
89248
23912
15655
49704
96959
93316
35452
43281
34922
74870
27520
74492
49342
76251
2537
61341
92747
24485
56567
96238
66469
32634
18837
40738
24442
10262
56548
16954
98139
66261
21171
58328
33757
94121
28594
63045
42289
74387
1507
27023
50682
76746
66593
20271
8012
95117
91358
10318
44470
3104
65857
29499
2898
74274
83101
29063
62739
72026
48593
62400
54466
77156
54227
92110
18922
87733
84689
21214
450
95561
85543
7491
75327
16202
11336
31747
7697
25469
89344
55759
94076
34265
80001
23715
4462
15779
88565
32131
53183
84330
84265
17598
35841
13482
12930
89080
50045
72611
47038
62129
77130
55676
3122
36008
39606
73764
70680
91568
64863
83793
38971
77656
79456
29814
78524
96895
30293
80447
32701
97869
79143
56263
1334
30068
45093
54282
53223
20377
75950
93280
87203
85482
14031
23217
72518
3223
84412
64849
38412
27778
74394
71478
50103
48479
91832
33779
3762
60128
86912
80800
96606
33893
97069
65452
79903
52150
27975
61204
82471
98108
14854
38215
155
71592
17871
31721
82792
36087
92912
63299
14368
88914
44846
26475
74309
86397
14141
2154
88306
48924
69733
26496
25569
16981
81127
94090
76091
28603
20912
42668
46278
41062
5255
32125
44213
25249
14383
191
86852
19824
47675
49918
50625
44100
58703
99960
4181
33505
84406
7683
7438
79565
29563
57236
34633
27548
92822
89975
80729
9195
23757
43022
40303
65442
81801
53238
5986
44562
27326
78507
19521
44905
12802
86007
22692
8154
57628
57992
97650
59041
84125
69649
56578
30452
64112
677
39170
9113
75630
52544
3051
86312
97547
56702
47076
579
76178
75586
90315
14812
82485
17831
40606
79020
41051
11897
25700
91676
52717
8176
27301
87612
51640
8655
53725
48452
34492
55342
10438
52780
74629
43910
79386
57546
87253
67393
97818
29662
42983
36290
35214
27290
36676
66022
2961
64050
5974
70489
95597
76151
59756
51318
54692
52418
20522
26411
66894
80247
6722
98528
56153
6701
81121
24891
6845
13298
69536
12191
59251
55456
10606
27847
51811
23154
31748
88044
45556
38042
59036
55783
55334
14044
59470
58091
29666
73470
82950
10521
66560
28681
18234
19219
26056
10559
2270
16055
2019
49373
25502
70759
45421
91025
57108
15412
89290
62271
73591
11377
11542
82177
11751
86418
86061
53899
82782
70690
14673
60818
78086
64265
3101
34106
69375
75992
42474
55030
55722
83747
84665
4579
38453
79490
54508
75459
11098
79085
24833
17067
36135
96427
91318
92749
42810
4205
23316
90440
21065
29497
34081
42769
5457
61384
9239
80733
39910
79935
55892
66265
89242
51127
86401
23325
16643
70669
30650
14589
77614
81197
78559
91374
90358
31935
90594
78132
30205
97663
78219
39659
61392
24737
48497
19112
63333
25868
27476
27977
30530
2546
25518
15357
25337
34204
84394
43218
41034
36627
50750
46718
89004
58594
53468
64277
58286
55389
23466
80756
8365
50553
83661
38926
46797
73141
54080
39341
12106
36741
62544
66806
29350
8654
24847
52815
30885
2876
60056
7660
38043
18909
36303
33337
80800
39921
382
58962
92002
98433
30472
24077
50279
15414
65493
72076
61525
19604
6860
5878
62669
57842
58841
1087
3418
14321
72231
68037
11771
66958
82730
3446
77303
22426
90202
74852
92599
87911
7884
36566
77645
57277
21667
84555
74629
12097
38725
19513
41284
63847
72052
2292
89795
92616
2872
53936
15218
69758
86440
73784
32505
87222
18386
23363
94414
54624
58564
51304
93944
66664
17263
15020
64417
88109
44682
88618
77916
51303
28710
33307
8503
12077
98373
46526
70514
63893
50694
99065
64169
67231
67237
15649
60861
11430
63310
53786
38697
89634
17537
88093
35199
33940
62454
12903
18584
27502
77798
34643
91590
83116
17338
37288
32584
53644
17362
69119
47497
18680
80353
17127
53136
73973
935
6534
37500
35370
2795
87278
45947
57443
85126
46700
23433
58435
34977
18281
2484
37826
48006
39925
64181
70537
14231
52148
15154
62706
67690
16426
17427
57940
69331
77067
79930
90095
90969
86119
70600
88893
94836
60182
36189
58045
58001
40411
23293
62077
73881
82564
78527
77659
74076
12648
68423
88022
52926
45535
324
24887
44482
78842
44386
91380
96981
42469
53813
31495
13463
5336
55485
46943
78815
15226
36430
606
73318
75038
82888
87299
80687
39347
38201
97197
34626
48861
33389
45015
12077
7154
9936
88935
73630
44027
98230
17236
71972
2902
37000
37766
97792
35845
19256
65598
9200
89118
28415
67624
95536
14641
84664
89336
59324
48261
56077
58660
61181
54449
1613
34485
61635
48863
3825
43385
11110
75124
17966
27058
84733
30270
11165
5112
32153
4499
90417
43101
14229
25139
21379
4087
28229
72254
21286
53501
81077
63818
68808
81710
56250
92106
11226
6459
34051
29770
65065
18221
67302
13986
135
35497
84889
60158
68945
44251
94128
52824
93506
5897
79608
10747
49799
31635
50907
25604
96514
37474
74522
29262
79139
13853
36381
53307
3080
66559
20457
6331
10227
11528
56301
9396
12188
35084
83703
98178
30442
63333
6251
21489
68721
19668
57198
40174
96155
87718
80831
57837
51087
38589
40473
95414
84907
25855
236
55281
52879
99536
91865
7451
24635
41163
70236
70293
30866
76024
81523
51323
84730
75841
16578
59777
16554
25368
98707
2018
38677
89761
59829
23238
13594
86115
91919
64520
33047
32148
21655
62984
28307
17806
45355
34574
22614
21407
78585
43989
5581
70973
20217
84305
56356
33510
4249
60060
67414
258
14384
91847
24100
24318
66110
37953
76359
58544
18968
59102
98593
36244
67719
36072
71157
34983
75265
86789
32749
64628
52497
19396
46790
24829
60618
914
96843
84230
10055
17271
76259
43942
56707
49794
65421
61237
51085
95716
96320
25874
78789
15799
88687
1144
41823
874
4460
64419
69388
10923
8137
7941
14099
55248
39377
89515
84964
50354
1199
54963
92006
13375
42227
89401
29078
23155
64650
92815
1182
8567
20904
16899
10550
4221
71577
44743
51734
47361
64616
42733
30155
76640
61641
64869
10821
33323
81033
43763
24341
58600
49416
59647
5899
26846
53261
39028
19509
53984
60566
97965
24660
72577
38907
11486
75363
70793
30624
60251
2667
51124
58518
78351
20835
76537
26142
2003
14706
36666
45633
97900
11121
84742
72976
32109
10878
67134
55738
25664
59321
91698
1470
31370
63427
58571
56378
57869
21223
7605
43308
61591
15341
20342
45687
25038
36722
51244
39799
40659
46733
52812
71613
23634
56407
2330
46355
83976
9
34141
49102
98633
6828
30666
42936
37647
29858
27848
97489
14926
72951
46257
85226
53819
69056
67760
45395
80437
1324
39521
56294
83544
26126
2006
75356
8839
52474
5727
3525
87582
55839
2695
5488
34778
56034
72810
70572
90506
68608
72908
30423
19473
47134
76710
59102
28527
69752
7654
68798
9599
87561
53355
80093
66411
44675
90430
89562
37339
207
41452
79460
83882
30967
32018
14355
74494
70319
15207
47766
56908
43433
83169
18245
78539
92068
91130
48788
84259
43076
77812
76065
93521
63951
78058
26699
34721
66054
88424
26632
93695
61548
64531
76641
15359
53608
203
52112
82766
41137
62679
88446
86229
48999
35696
94788
86660
52698
52739
98266
71917
52452
86501
58503
2683
65802
97364
7901
45303
50131
33705
67048
92986
36930
19844
56557
83936
58160
63685
76749
35200
71702
65396
54829
24417
47709
10918
65525
68159
60560
89660
15658
65172
42146
84441
45690
95580
91408
43528
42034
93015
2291
59596
72748
35601
67727
48469
56208
33887
40772
41713
47462
29063
85681
81473
80178
53154
31509
33355
33453
44434
48722
13766
2222
55875
5330
61778
37601
42258
23233
72422
89229
62404
47749
48244
25507
87017
63689
19035
29614
59743
39908
25825
69289
19314
60885
64565
16558
54017
8711
37338
49972
26241
91728
64527
6363
74468
77152
70059
61740
72849
74109
63636
11670
4364
30867
8845
90316
82591
55385
84067
14315
39208
41914
14317
62731
79643
87965
76468
7583
97634
15806
57732
90759
30980
70534
77860
2631
35392
52798
69199
55266
51107
58425
45570
58842
37799
39470
80864
3760
57338
71646
61333
22874
91063
11587
71718
58387
88503
54094
24713
86176
57849
54283
45660
56651
24980
62454
79972
95732
7498
30565
99460
72123
72944
88315
45537
77794
76283
54164
62261
87400
723
42005
40193
59386
58082
47736
13264
16580
40147
51668
25168
97322
50878
52443
9223
99525
90785
56101
6213
49522
9458
79921
78418
15170
89962
94857
64857
48384
79715
22651
62712
86146
36440
24137
12948
60976
14937
63755
14367
71985
80661
11991
89632
45819
99473
52218
79227
73173
19439
91325
44919
41022
30174
34573
22940
93307
57992
74256
78959
43539
30989
59046
81831
31641
27202
56306
31182
64306
1113
93184
45091
3261
69002
63970
38434
69033
22081
20985
99902
9182
27770
24159
6263
39413
74190
10537
96155
3608
10625
59042
62474
14506
37643
68191
12394
30638
4524
34798
87117
97079
78813
20278
29622
27678
63032
17805
38032
34657
47001
88382
44624
17816
675
16758
16100
10044
32098
49199
79426
38445
57752
14258
39333
1106
58529
94977
68560
78380
23509
16371
19956
94543
15873
35573
30745
20745
30553
73680
63609
63455
51547
8129
56641
13891
58407
52339
34818
43437
75953
85386
69323
17623
9094
58652
57869
66989
55467
98654
39097
96978
42630
45689
47231
40992
93670
16453
59309
60840
85339
55455
86669
77025
26211
44838
14795
67657
48860
75125
1182
9287
79681
40430
99598
45503
22740
10869
90910
59889
69905
52151
65599
98788
28520
7768
21153
36274
40031
32714
8707
98842
48180
69357
87639
70548
63817
85835
24242
80672
64851
55286
1184
35469
64489
40234
88152
93133
78685
60641
60879
96873
24583
66394
45715
74793
85756
5417
9957
87292
87145
77133
14347
52753
32906
87672
93464
10544
73684
77972
32176
