89473
80715
12566
16816
47843
23882
19460
33694
22646
36046
41628
77397
21297
678
10141
68516
40748
9976
65205
30859
25481
74312
49409
45562
8734
69925
21115
23498
88566
12110
33018
16086
59186
20178
66254
2696
64962
22575
84030
64029
69623
35798
70351
75157
36366
39143
49258
29371
95974
58808
37854
34533
39470
69511
72473
7321
9470
19526
61464
27587
80105
85946
60393
4977
9225
70941
35831
53021
18582
56958
82467
62115
7778
49023
84926
12120
35994
45716
70464
67727
11850
96858
81611
55351
16247
25623
8896
28956
45593
15498
62911
94056
3592
88419
32282
74084
88583
29417
69521
71373
20403
45208
70261
96182
25843
79462
63042
11540
54997
45809
6592
69092
32137
81196
99483
91715
54233
66806
43032
92368
37822
11509
62529
5443
80673
43703
84121
46820
48509
11405
85099
11933
19065
47562
83892
67292
15808
17847
12702
90263
41916
31525
20513
64336
81419
62549
87123
42668
68913
97602
89877
51401
41828
611
53928
16047
79968
59119
34166
59189
5891
56879
22331
35823
66652
99222
46393
43814
42555
2933
30921
71318
31765
50818
16947
20409
40981
2585
97771
76750
71843
48349
13142
78819
30357
88776
58445
77028
2326
26792
7808
63018
31634
59773
20416
92458
10192
68266
97919
20899
38478
7540
87409
21519
43788
21650
79284
56065
49691
16196
32195
25837
74652
45595
68316
38274
363
93428
21340
86505
91074
50315
86890
54170
64036
22761
20427
25890
8166
38560
51309
4948
23123
49581
33269
14063
4210
71158
31399
82585
29876
38789
53634
3993
18048
7503
70735
81284
5138
66980
32983
64650
67275
96405
84023
25772
47171
37050
92753
6157
72008
17669
72660
23087
47808
28103
34687
16124
93995
99806
24470
69498
38201
18563
27736
51317
25818
64264
88644
69203
11435
45368
75045
53790
89980
71567
41903
46439
94267
87157
89539
85630
32612
69764
86886
57640
65255
84318
31620
1454
21596
70553
48789
35307
41549
33802
87504
2792
83837
3506
61269
20194
81603
21590
91695
43502
41483
23751
57627
63490
76084
80701
22129
80364
31833
73532
8288
5602
24222
87639
21493
87981
20711
23006
70585
63207
17901
35155
23234
82128
44066
40705
41878
81201
80714
44235
85784
20711
37575
69014
32010
31179
34290
3185
63508
76442
38992
5090
96121
63109
89126
46717
67885
402
73036
12587
93838
41814
82211
12924
97457
20618
53563
14596
65852
24921
8688
41023
40043
44789
62797
43179
43898
63911
19846
97779
75739
61321
92381
45892
35157
34914
84677
45476
34223
57786
56021
74686
47094
30879
37290
89347
84883
975
8480
7580
43749
71779
57431
67340
63271
47652
30693
78497
49491
14469
56382
70110
62411
80186
65765
15641
41254
68857
65502
4144
42476
86171
15620
13827
95282
52021
49680
35885
37338
26188
33072
91138
79370
36900
92952
79768
61524
58855
69068
5304
6652
77233
28573
18045
46075
17293
59888
30196
91925
15341
10780
65294
56839
56156
64049
17826
76531
4439
50536
15505
73709
13367
83697
96238
12826
2081
62503
34627
34313
55695
30237
78685
24231
16405
95524
86474
70688
2317
18975
84488
81897
11799
43866
4876
92433
45507
2536
96952
63987
5643
61506
49968
94883
12591
77822
8746
88606
12763
26701
11506
95791
38304
26280
30131
36375
19234
29143
47098
29053
41700
72237
60422
3685
92173
76922
68251
48990
26748
69079
48083
52629
57173
45604
12112
23691
50752
48030
89839
48641
5
16660
61799
20943
29748
89301
44202
1847
74231
77523
3214
15264
75001
376
59796
53154
21382
80544
31231
69549
79762
11197
43873
71084
35323
83097
43139
69846
411
21015
21409
50371
27455
16117
82241
16781
1126
56673
60183
28342
74401
53322
19499
2141
56239
27085
62204
60087
54798
78395
86107
24143
29389
83685
46906
18444
6860
72377
94895
19889
73635
21597
76482
9814
63325
68565
13441
18534
21667
81299
98749
21805
45458
47139
76794
43677
60246
35556
7950
43750
22717
66828
52692
18493
8019
71368
48862
26085
69752
55845
97165
52125
40854
1716
14617
69627
77363
9378
63421
10840
33827
66865
13621
60745
99053
