27722
37763
26967
71615
81599
17017
13109
30959
69314
33345
90285
1064
44199
57072
69078
62749
61397
55994
48199
83385
87452
9367
10550
94986
51153
83493
72664
9463
90752
25295
92272
66520
33992
21799
96691
40295
6892
68041
80716
14500
4794
83696
36920
72654
74933
19587
23479
39926
53606
99248
45113
56188
73029
47834
21236
56065
3027
70935
42066
81070
20956
59223
68253
51383
9581
11360
12472
80363
67128
87250
52473
23618
76312
26423
64240
16219
19854
92275
31194
66647
48893
31852
80788
44069
7603
72999
23362
16780
92495
15979
19829
73932
78047
15006
84477
90125
71692
86655
37162
73001
70646
26772
55142
67669
80665
65188
38984
78620
22538
38513
99273
9701
95973
15203
91239
15824
92504
64277
72969
6239
49149
19309
39523
38553
12766
52659
90072
95080
41398
41470
18054
38705
3393
76541
75430
4129
47649
37958
51227
92152
9081
37245
21879
99643
82247
4794
76273
35864
43052
83476
91945
47028
23520
74557
40525
95294
47876
70469
30316
15829
19521
452
51825
6139
7937
9712
78054
85562
22185
90540
85569
99641
73350
84641
4607
34017
22177
80001
76923
45564
80061
32699
98601
14684
81699
54338
51705
71973
75916
19158
83453
54934
87511
61397
74476
5974
87465
53068
48805
31596
71445
75115
17327
4546
87245
20760
13802
5578
70671
98863
77895
69608
46340
37261
63226
22169
24974
21285
124
66460
81956
41037
22507
8653
33324
62535
76278
89743
34786
82430
62617
25894
16986
73778
33725
46049
35943
81209
50874
55519
61453
77869
35006
47337
48204
53595
88665
29340
34452
64085
44720
34277
91346
34172
2103
32665
2302
74813
41708
73685
86341
43070
76633
38128
91876
47066
80088
99161
78159
73803
51615
51687
70452
96746
27630
89099
21968
2161
15877
77425
40694
58514
35002
1196
42478
41542
70277
32793
73051
19182
14392
7594
1200
95118
48270
70949
22823
7499
31033
99812
31395
80226
10512
91812
4173
28240
36133
57596
25459
25363
54504
48493
18340
53469
94740
833
84531
65199
5300
80728
58323
8881
87048
68665
65073
83975
78288
31962
37306
18114
86657
94956
82201
82687
30070
31725
13081
92906
44318
74230
54518
70451
38439
49929
5737
82007
30660
37249
233
5429
77487
54748
30889
16725
16426
80344
19306
35720
78854
30700
95701
15998
93734
17661
21419
15588
95123
38582
29975
38888
66868
50451
84502
97436
6389
23904
49571
97380
66129
72548
53608
24911
36020
5444
74422
67385
63250
56173
14891
77523
66610
591
48410
60824
91901
87214
4445
42175
72151
69090
33373
46706
1783
44107
36786
11999
7447
81850
74497
34068
99852
39472
62737
37878
20760
46442
59378
54677
57160
68641
91468
83054
80736
45938
17995
8387
84853
34213
36479
56208
33600
72724
35885
59044
7827
40787
70275
23402
31650
63931
77762
93815
89562
79000
97504
24276
99063
70123
43867
83846
86650
43027
81328
42893
26022
13885
6299
9140
36532
50668
82782
8612
7194
19953
97595
35531
6963
60175
97899
27395
65556
23517
48839
56664
60710
2948
2356
68926
27601
88349
99543
38854
14015
76254
38418
59939
40931
91395
26581
31726
92322
65098
3925
59141
50254
55463
64441
32529
11800
87392
28121
14130
72799
36655
14055
16994
40157
81561
44056
25683
39174
98185
62471
74658
15287
80729
92343
69824
90665
27220
60642
11517
25235
42626
16048
53042
49013
76378
31592
7915
78030
29346
31443
1070
99665
36544
6219
44551
14867
56116
84432
6597
54528
72621
9016
34503
45180
53199
27376
86319
85233
78871
40957
24145
7108
10081
76110
22707
42936
35483
31825
50871
81875
96081
31904
90897
5654
73005
59251
70490
15596
76518
78138
96070
19171
76294
56717
92203
27031
68591
86451
71745
22516
84599
57798
84041
4789
6094
92146
14341
74029
69448
48908
36665
22520
7122
23590
54425
19045
96957
27810
98401
25585
63896
95403
90023
65192
6211
90164
19426
67739
98864
179
32387
56334
60357
91369
67969
1335
56192
58519
39617
61163
52049
55977
6438
49564
22823
12134
38510
17465
69884
31926
40354
14250
98204
69788
60047
98072
57472
11882
77983
97708
56856
40843
38899
89514
21781
68933
63558
42195
72903
16175
52338
99387
72392
78915
71988
15454
718
81221
98957
33456
98315
26626
77924
95875
30815
70937
42571
8505
13995
18207
37106
35790
65131
1406
71715
91953
31159
46939
42844
6410
80846
37894
50097
84244
38134
84730
45557
52930
76864
84093
58433
85039
93290
96564
48237
13304
22120
2332
53019
9214
64234
166
15741
79224
49828
99513
91463
43688
69404
18152
60796
2799
66834
38549
939
61089
3709
94935
94614
77465
72192
60051
89378
31282
54839
75650
54995
46629
4127
24048
24969
96765
41904
69353
49828
18578
59507
6498
34371
2960
33027
43783
78861
91152
54969
10357
95016
99405
23544
23929
21642
14707
23852
75959
21912
52865
81447
91677
4518
46884
68058
505
74316
38384
91705
8812
84589
77690
8996
1384
32679
99280
56109
10618
13491
28420
6742
83130
21253
92117
30291
42369
68921
52922
41565
92752
76748
57650
4535
35955
66777
94738
76946
73225
88429
83777
60042
48913
91810
78613
48241
49890
60050
51499
57276
13144
9683
39909
46127
9535
69006
79911
38041
65558
48317
20432
88964
56934
23099
11240
47926
57932
61428
84181
3232
58583
40313
1941
10750
68233
12130
31549
56154
8431
1977
10870
11667
60681
39512
15470
9681
75344
54720
552
70552
66818
96063
88057
89949
17084
61593
92555
12320
84832
68849
31222
91363
70560
27770
42983
65816
19433
22323
49798
59457
53129
51198
29116
47913
9511
25667
30689
21644
34689
73592
63196
14470
15867
52545
96562
60028
65363
32177
74391
84769
66276
66174
7575
45394
68502
37558
24940
71099
80139
27586
89695
76533
33808
28100
51499
70104
20003
89986
93083
94031
70315
76230
47709
97550
42207
67090
9088
62670
4014
47034
28989
73145
43915
88328
99353
41578
29868
34550
45586
87057
28818
78819
15555
86273
53005
26135
34882
4763
38748
26991
13286
51735
78835
70314
28983
91882
23493
27747
88605
90650
36866
48487
58602
65618
46059
14064
90760
65970
47986
75896
19260
4468
45659
14919
89608
21923
69970
82226
90799
72823
5680
2424
1242
82621
80983
47254
26252
42111
98916
16077
344
72396
85843
91913
51061
15123
7304
76996
72780
77019
54811
50183
38672
85150
38452
30055
86948
89930
29672
72181
53519
86592
86215
76780
87398
12624
56868
33853
77411
18662
7585
86932
39244
3339
32459
53651
60341
48838
13162
1636
76871
93174
68673
41595
61728
27688
93466
65960
35469
13795
16803
31100
73115
71732
28370
53844
68896
5852
6231
68965
38328
95959
51901
73247
82390
2258
84332
63913
12126
2651
69690
64425
33654
5472
67032
19070
23339
58153
51329
29215
80809
2914
34777
98784
33525
14231
44898
54226
80760
89674
33692
5156
7164
55652
85936
15820
66459
92631
66679
64695
34380
80640
98120
79775
56606
15142
84235
50467
72242
45828
7906
33533
76292
46431
9743
90150
95627
32370
20415
13897
92093
4828
59012
35365
73686
14836
28817
18098
90155
8979
38827
92686
12908
39538
54484
11100
50753
96201
34268
41720
32816
43927
