58046
15036
5826
55649
7752
28342
38949
64655
22461
72747
2205
64967
92352
52633
26167
60723
7605
12382
95828
87710
95073
52269
25429
96149
61069
6411
14727
85497
46031
10956
78103
31978
25103
4048
92662
52026
94967
15658
94417
362
71777
24941
62669
10136
87614
85575
71859
44374
13624
45407
57447
42911
56823
15720
37805
17060
74560
77584
57603
65462
25701
47997
69886
58864
30817
66902
53767
69034
45039
7667
72610
97571
56671
58263
13602
94070
12285
68087
13758
39908
34730
6317
69715
13877
44330
31621
49062
48933
15538
30231
69487
35537
1379
39609
88696
26377
36275
38328
52840
49699
84164
49286
84075
44049
33304
73006
48957
85896
51771
40535
38492
93469
8341
51309
7968
55023
32344
40385
70111
47862
33008
1556
8618
85626
23931
78113
80815
55643
1540
21407
7932
85631
7737
8870
9442
9552
66405
7763
23898
86161
21054
68705
72916
60565
16603
33886
67177
49081
62130
48884
23791
70732
83424
74141
62855
44911
24241
2391
77720
24073
83405
1730
28264
32740
81238
20503
89373
39678
33276
9831
97872
98801
71826
42335
80307
56157
96643
31517
11265
35324
54849
85234
47319
81564
47190
58853
5245
66326
32839
8922
4784
27957
58145
86558
76041
51966
66105
51280
39499
74714
52799
30626
2666
28117
24613
98653
81552
29766
75823
97297
47423
62788
49935
78578
19726
82869
70164
2758
74587
36031
24530
87816
14958
70066
69271
68984
53270
74997
70615
93591
90361
93478
39436
46092
35483
747
25906
70910
1341
65563
31993
36606
25427
68493
68478
63875
14300
71989
30163
22028
81002
7885
88023
83850
47468
72249
286
17092
13574
94993
25762
82407
52355
82173
82234
2107
77004
12636
30290
61918
39359
7472
78746
8773
61955
80670
1598
11682
76028
22448
28466
59855
36495
62912
20560
82502
11506
13027
72436
88118
99012
82309
86138
37569
5670
28232
48830
84901
34451
1010
7572
42580
66477
9262
75671
53730
89899
46979
23826
82942
24036
90300
6318
69357
10526
93785
47547
20987
94918
90195
67467
67609
1893
25217
55809
31068
15228
39165
14453
16460
9660
41352
74912
75432
45941
9652
63608
43679
32689
87733
31485
8765
79031
45473
86435
21489
10572
14289
67178
24293
97901
8417
75376
33584
51594
95628
39196
79330
70633
86409
15932
74937
92145
69369
53947
63171
79568
32402
24901
59747
3603
74124
6063
95218
15744
28124
39507
37955
87699
93797
20068
66214
91688
91826
67168
45693
26374
39817
16954
60505
51102
74174
30693
40064
77161
27969
52927
22198
78933
11415
68652
93647
30086
31441
2600
53105
40368
29977
75700
49120
67120
16744
83882
55386
2245
21618
92606
59380
90193
94144
46849
56753
15415
33288
80769
63561
8775
39232
73838
81144
61564
40833
40976
74340
3065
67293
63060
52758
93004
680
61164
76912
3772
67099
92961
46324
18958
98654
2968
65038
54525
25776
89638
21521
16853
40052
61803
64549
47931
1383
44534
4414
72131
50132
60252
19696
51269
24836
54713
3816
75097
79145
59533
42741
62871
37835
82953
75454
28329
31053
98801
52174
65181
98411
59950
71838
43138
60080
97047
49953
65515
10763
75865
40716
28636
4226
77381
13150
40541
60993
33514
60016
1883
49901
98433
406
25490
65405
60442
22151
72661
46795
2672
98569
14117
63001
2161
5594
81377
17150
16374
59920
60422
8805
43804
96600
93611
28560
61036
5365
98155
49673
32481
48974
79825
24440
60981
94003
19115
89214
97575
94772
33758
31315
56925
84435
76256
73471
91275
43827
8002
87054
60274
38225
2624
54003
96581
34989
70300
59206
7921
40893
62138
10001
75075
26971
9059
47561
2293
40839
73218
36090
51694
41692
41608
90099
46433
31577
71302
27449
58803
98009
3712
16440
8863
27682
1235
18888
86807
98719
23860
17966
78017
9832
55577
59535
13576
58740
10832
28726
90986
39337
99823
29760
9961
87341
8079
36287
46353
67552
50560
31980
43643
62329
93414
66666
35885
90555
97577
11998
28603
59071
27544
12467
54845
24489
85944
92491
92468
22249
79946
98398
75682
1953
99067
25316
58991
93235
85610
3268
94880
14831
8746
94256
67955
30981
11164
82641
87717
53966
83248
24852
79734
89308
33899
61258
30712
21040
69408
82964
36809
38488
62198
89397
76512
13079
89773
68696
79479
44015
50901
82276
90999
4960
20809
37333
38044
40446
90109
86678
87370
80309
43186
3923
48732
63206
70951
43908
16970
86188
80151
13154
65620
26251
56821
43240
1621
11961
65013
81152
65827
58481
13606
84988
17241
17715
3747
40857
70237
36780
77430
97340
63498
62654
23739
47610
27027
78596
63405
76104
79268
8826
24688
26585
30255
81927
43926
41498
88670
600
72676
68722
70776
25625
50024
31126
87438
45268
3418
6787
41763
67897
74281
73287
4397
45163
25726
28208
46079
5893
78826
9748
97806
56692
41179
6328
77785
84277
36945
62132
