94136
59886
42146
5546
34719
63218
64366
51632
53473
22830
7302
60271
55211
5509
36646
51550
96744
63556
81790
70912
14235
747
54057
63188
43006
38012
82409
75406
16949
98488
15887
59661
41009
48156
25033
2914
14702
47853
45493
19254
47231
95246
46233
2015
45464
61199
72036
48025
74909
53989
5378
34389
90777
76962
16325
49348
11339
80432
20723
53118
58977
47075
46780
72015
25716
91494
18003
9761
29456
99335
96537
93561
14760
79025
95055
59330
17733
50124
57708
20432
58423
46278
30968
57313
46099
67862
93811
11648
82910
79700
93292
67889
29594
12595
36380
57600
53310
93913
21815
27467
12095
2103
56789
70623
43078
12788
92423
32697
12271
79913
29278
68974
52651
74501
89561
47087
64168
85617
26224
60879
74454
73464
40806
45376
62204
52880
11653
60262
26563
77005
92076
39793
45320
85534
24019
90819
2297
79716
26986
57346
80073
87139
64262
60065
7993
83338
58858
62293
27417
44413
30161
10002
86242
15072
48921
42910
2956
89910
62996
76037
46845
22230
29192
6729
65419
94351
97542
10809
52752
6088
33580
53358
93129
63982
31396
54549
33256
82850
65702
19042
33243
43364
54671
58621
21705
84611
56949
12093
33499
48979
6060
93882
39999
38200
93300
83345
91274
84036
46282
510
77129
84806
14416
759
79684
9887
64946
60924
34039
28271
13515
22323
35513
74424
61822
2455
32067
24940
91551
86398
18732
22851
68558
61392
7223
52965
44218
63636
78365
41240
1842
65062
37594
23942
85276
39617
84482
8230
64030
13563
76111
24787
34740
22349
11070
55291
32267
67811
85969
2724
25426
93767
79561
60924
2092
75525
950
31295
6378
49370
97773
29190
76568
91807
57924
20266
46700
95144
54029
27969
16935
75940
73786
57324
68288
95906
51233
87325
95813
71058
64102
94470
61003
94205
90654
83386
18961
98325
25722
16969
58776
43935
40181
58103
6617
22258
30631
57780
80180
27791
46840
50311
50427
68848
3307
45335
61973
52697
78304
38453
86982
3097
78837
97564
39135
42379
3189
20378
53979
97641
64075
58
49906
71190
44885
80595
20022
49074
49098
31262
69350
8342
68699
20372
4074
23626
41221
22581
99956
66695
87070
51079
25584
38836
18847
66303
72787
75221
92615
76153
51296
12857
27415
9210
37706
19307
53790
12088
29759
38030
64702
94789
46180
18020
32909
23834
29560
60380
27760
41919
55186
32487
11308
74999
22280
71663
18745
72934
5728
24516
31404
18237
76208
45606
31894
28937
54498
9624
90420
76224
51814
74991
68943
35282
62165
73578
45545
88605
14999
91204
55220
5087
66842
46622
15288
25304
9146
72913
53704
93684
96227
54508
86800
91588
51979
75500
99295
41898
96928
90490
63918
75275
48248
37886
578
71037
84514
77398
15711
11484
34255
48405
81339
17486
42775
13960
10278
65298
95244
76351
59094
19800
25735
24494
43579
57757
21652
848
82905
96186
40910
56113
98054
85552
95264
93680
77745
75261
17348
92590
90794
9814
21259
37726
67675
67970
86947
79020
96048
14400
47187
87634
75105
93582
32587
76421
51802
59049
34872
4379
18400
97612
81566
90407
85222
77813
76275
20343
55094
24604
47886
43088
16715
98150
69321
16566
42987
33630
51875
82325
