20 1378 3
40 5702 2
60 18381 7
80 52429 14
100 147917 25
120 246288 20
140 348289 24
160 632204 51
180 922236 56
200 1215715 40
220 2046851 78
240 2881734 98
260 3727696 74
280 4585838 72
300 5449950 71
320 7919089 247
340 10392869 323
360 12876489 265
380 15378598 228
400 17887067 212
420 20412327 215
440 22943161 219
460 25493615 218
480 32834832 690
500 40185733 635
520 47564510 651
540 54944460 648
560 62351671 647
580 69776828 650
600 77219793 637
620 84692050 645
640 92170436 642
660 99658557 654
680 107179168 659
700 114712271 645
720 136617060 1863
740 158537689 1873
760 180477032 1853
780 202433274 1862
800 224441122 1878
820 246467240 1866
840 268520304 1910
860 290589643 1875
880 312694607 1857
900 334816893 1883
920 356974678 1864
940 379167344 1865
960 401363976 1908
980 423580471 1909
1000 445822523 1884
1020 468113217 1880
1040 490431721 1929
1060 512781113 1888
1080 578230626 5706
1100 643699438 5754
1120 709207679 5717
1140 774745731 5706
1160 840291139 5701
1180 905914535 5706
1200 971575452 5802
1220 1037262433 5701
1240 1102970510 5721
1260 1168733760 5736
1280 1234498078 5698
1300 1300339316 5741
1320 1366224192 5725
1340 1432126243 5728
1360 1498045736 5759
1380 1564066752 5732
1400 1630102897 5702
1420 1696225670 5904
1440 1762312938 5716
1460 1828452619 5707
1480 1894667429 5756
1500 1960937673 5712
1520 2027245426 5730
1540 2093575520 5820
1560 2159914362 5764
1580 2226312058 5755
1600 2421845951 16894
1620 2617526331 16936
1640 2813228731 16981
1660 3009034961 16930
1680 3204874407 16913
1700 3400693894 17066
1720 3596593973 17171
1740 3792567579 17064
1760 3988555141 16953
1780 4184587013 17769
1800 4380657954 18378
1820 4576789336 18064
1840 4773025445 18567
1860 4969350990 18485
1880 5165703466 18237
1900 5362055936 18534
1920 5558498418 18396
1940 5755022467 18392
1960 5951587064 18123
1980 6148245372 18130
2000 6344991466 18381
