11 0 72
21 0 348
31 0 1044
41 0 2034
51 1 3951
61 1 7170
71 1 11244
81 1 16176
91 0 22722
101 1 30282
111 1 39288
121 2 49995
131 2 62574
141 2 78240
151 2 94341
161 1 115050
171 0 135906
181 1 160470
191 0 187557
201 0 219144
211 1 253986
221 1 289293
231 1 330102
241 1 372537
251 1 419985
261 0 471396
271 1 528120
281 0 587235
291 0 650463
301 0 720168
311 0 792642
321 1 869946
331 1 951213
341 1 1033746
351 1 1132251
361 1 1223553
371 1 1323948
381 1 1430808
391 1 1542972
401 1 1659933
411 0 1779156
421 0 1914075
431 0 2051544
441 1 2196408
451 1 2347587
461 1 2503881
471 1 2671944
481 0 2847951
491 1 3029916
501 1 3216069
511 2 3409692
521 1 3621351
531 1 3820026
541 1 4037520
551 1 4277715
561 1 4507122
571 1 4752141
581 1 5008704
591 0 5266902
601 1 5548116
611 1 5819445
621 1 6103299
631 1 6409950
641 1 6723774
651 2 7051074
661 1 7375266
671 2 7711197
681 2 8058843
691 2 8423940
701 2 8786220
711 2 9164622
721 2 9551724
731 2 9966885
741 3 10378254
751 3 10807428
761 1 11248281
771 2 11673648
781 2 12132045
791 2 12608340
801 2 13074414
811 2 13569459
821 2 14070837
831 2 14574258
841 2 15090483
851 2 15633288
861 2 16185936
871 2 16759302
881 2 17339358
891 2 17925879
901 2 18521439
911 3 19133202
921 3 19767972
931 3 20430840
941 3 21098631
951 3 21771639
961 3 22469127
971 4 23161365
981 4 23869800
991 3 24609801
1001 3 25363050
