52156
70796
29941
23841
54745
89817
17335
46147
23520
6419
50192
91537
35605
45395
78245
25419
12493
38303
14785
25911
11958
61487
81106
7073
66536
38199
89599
29744
88304
49321
19280
42962
59818
57401
14186
98239
9289
12157
39898
31440
24409
72027
66305
12543
93733
46063
5810
22285
77096
33135
25297
26485
97292
11351
67503
83792
14069
9574
62806
40679
88487
75055
86011
38668
70751
36449
14365
83124
47900
49865
72806
369
69035
7108
10369
40442
25276
79884
37722
66531
99205
71521
69934
8903
14312
48607
60894
51119
8777
28963
86181
59366
29892
9520
29750
61951
95567
27870
56435
35294
97530
64699
7061
55229
27217
10776
35881
27956
89805
41804
21068
23708
34457
67218
18168
97985
69525
44858
93700
173
50378
82485
71494
37420
24411
79203
47902
82830
92966
95129
83678
91366
3053
76024
60086
14275
13168
1098
94744
83429
86909
66829
48714
70670
55766
67407
20518
14046
58108
83272
15050
42779
5304
43224
95768
25878
47829
82726
77065
15486
14356
81260
90400
55375
75015
24974
62543
77451
36381
7371
77212
14678
10194
50425
52379
17544
10447
1233
54744
72990
24166
35239
90094
89682
70077
76013
53722
31550
6326
23756
98592
52734
73491
69902
80614
11369
62391
63610
70152
17112
77503
87414
76826
97843
26289
93935
20694
54702
2347
53336
97040
11409
45981
62033
24322
53773
59688
67225
35208
98365
27980
68914
69160
25498
41092
71330
51738
61009
50337
69085
500
93741
89213
69847
80363
71228
78850
74989
42274
24737
