69445
45496
15682
40513
54483
87678
25599
74465
16255
23990
9397
36296
29121
68532
31891
73304
36300
80350
32159
38820
95977
5263
25516
24820
3639
82726
279
11866
11777
5755
36355
69788
61905
25959
43088
85571
15844
2861
12335
91098
23321
6928
9420
12743
91123
99112
79368
67208
25437
26227
28771
83616
3445
91076
54625
40499
92853
79050
30687
68210
78775
48747
29149
82165
76191
23193
50858
80421
3231
50373
60828
60290
65589
37035
77469
82983
55616
98082
43735
42737
979
5424
16293
77450
7253
64731
44867
91505
26409
96331
78066
48338
48871
47346
24279
30183
60688
16172
16645
55553
29312
27549
79641
91151
81599
56692
71468
94271
15831
64371
81237
74159
45970
71297
92835
66381
10746
69825
88405
72934
92853
43725
53523
32661
84207
42650
63452
51451
2074
36953
75249
39805
7858
60598
24050
76504
5435
35215
23502
41454
99134
56665
124
38228
72817
17046
49249
57364
10991
29657
86267
15206
20464
22213
81047
39860
26808
64473
5670
65801
13700
452
96061
41713
45237
62512
26606
52358
61355
54885
23514
4570
64772
7568
97475
29910
24161
18005
59072
12101
2788
17637
91420
56037
84387
23135
93705
76980
8834
57999
76540
3513
48970
59241
85501
55856
56928
15975
52706
82381
83421
21986
27992
11444
26633
62760
21008
3103
98761
98925
93470
65888
7669
52703
76832
37414
38756
51728
54831
14526
87839
35443
42595
58534
39715
83323
14461
94207
9020
81276
81156
67373
60124
2839
93665
25286
999
45158
55900
36362
2370
26259
61171
71460
27905
19724
28537
27566
73828
75659
4219
86564
7020
52716
10609
66706
59579
64923
70747
42479
84716
29219
9735
79736
4017
84840
36189
57292
79297
44079
36599
23619
23614
25451
73417
67845
25508
14912
63704
67939
98109
98558
29314
15815
80474
11079
51913
8983
12394
48271
36518
41472
75837
99029
85770
22948
46343
62490
13844
4235
25856
29395
83647
89907
34873
23213
33898
74202
26235
16235
73705
45163
45484
58558
61400
63758
3450
83805
51710
39656
45556
84387
90730
93420
99328
81266
61693
16039
56661
48435
36220
11069
658
90696
65491
32082
18160
14819
53696
8679
48593
78823
92178
88032
7347
51826
96798
5719
87603
67842
83396
39578
88412
10867
36578
93344
38759
25734
75612
3058
87479
9499
97913
58524
7096
1451
85301
84547
15996
56385
91226
32253
57842
55382
88092
89471
89726
81101
43050
30980
21250
60471
7872
94383
15630
56669
53932
85392
10830
74393
56879
87550
43881
27719
37213
75702
64725
8167
92790
9973
7293
82155
17178
17582
45000
41601
83820
53511
95416
29227
90119
67867
54621
60964
97861
97711
35584
71895
76787
44191
56878
19266
56652
92025
78155
86381
19797
77679
7013
44549
21022
15024
8231
46787
4458
42849
30844
46566
98200
67261
31107
57690
6570
33851
10116
97248
87227
79427
3731
82580
95696
81194
59374
85351
3465
42436
9424
81053
47423
28098
4104
70660
48236
91077
98138
92638
43129
10615
94919
88164
14602
97884
39511
30152
60772
10648
17556
77563
45288
58851
60989
70474
85217
76029
83434
38529
83791
77645
68272
55624
91615
26770
10561
37082
84662
79945
70368
42048
80352
91660
29538
13500
73996
14563
56494
60987
67080
44314
74439
67124
76136
22973
97117
77830
56350
32843
43319
18479
47614
83901
66377
63337
52360
22270
38128
74076
84332
64601
8180
14628
85330
93836
18784
44301
93018
35478
93201
88814
57035
70342
31191
89777
42950
29680
39093
37185
33985
61654
93940
96583
38988
54311
91136
52823
41796
49535
53480
5741
81901
84902
85616
69540
39247
55913
42521
47334
7035
99780
43189
75035
75548
63761
1425
54663
17315
35976
64496
26151
59336
84696
47360
58839
51610
73310
25296
79138
92907
92461
979
89176
54461
78307
93383
72789
50208
66426
5391
29805
38213
64561
14552
27368
2095
14236
97190
7880
53537
51207
39879
47195
17386
67766
14302
13771
9383
26139
91583
39796
93212
71503
50425
78639
8362
45604
89729
89502
93185
7522
90822
59782
88584
26825
87054
48384
96910
26161
89227
9137
87958
15283
84154
32426
89330
76573
70650
25336
71982
33312
22328
35808
43454
56271
69815
14706
91021
41631
76323
1216
74956
23810
40028
11593
58109
70466
94254
9042
72172
43759
92224
33417
63278
1901
56967
73380
30012
58088
48952
70841
65423
10093
54102
57714
41297
3125
23089
38435
27744
90997
99133
48165
24043
16206
56019
36244
87750
38235
30638
47221
88200
1179
75065
97641
77863
46765
72078
75809
70371
46887
54926
23844
37627
50967
47338
96617
90014
17779
92892
30521
83540
28809
74305
96559
5660
60785
32599
56830
27529
28719
83745
91259
74644
97597
96093
12321
60069
813
35740
39457
44879
96501
8965
62074
38987
39111
30964
80224
32177
42893
28323
75461
49941
66390
39045
30878
61649
52622
8371
88936
29601
18306
91299
8487
76674
97308
63353
58226
67555
8436
10079
62854
43984
35764
12636
331
27937
80871
72031
33873
8354
70672
17692
50711
56811
82005
27493
71148
75424
74645
45746
86059
66319
8163
23335
78763
26174
54827
19856
88041
11599
10701
1471
73098
91552
50160
40190
48406
1512
65228
70342
66576
40793
80466
86271
40848
9171
36582
71607
15233
61912
91482
34939
10009
73296
96209
89332
93009
37931
64988
53824
53023
6415
73578
73923
80640
47307
88171
55061
93983
50923
48278
78080
82048
42118
1366
19048
76726
49009
14434
27035
6116
82495
68306
22980
26323
17477
74083
70336
76743
30831
38037
33951
54667
43471
41156
87449
59067
34273
92624
51373
10556
42116
62701
44440
14746
49022
99800
8484
99645
42100
88984
24002
24187
84949
14684
67712
24676
90204
49121
76093
38619
74043
99734
69653
21363
90803
13871
61450
49893
91213
57040
20441
90332
21342
52232
85253
90904
80953
92133
27265
50501
89819
13485
43184
4528
68388
53428
16799
64289
25279
91328
27179
43958
58219
16450
96323
10056
17331
51725
63097
92336
50078
6979
42279
2148
45723
31136
77617
14563
23810
82264
26054
83952
65964
36746
16588
79194
73205
14435
11730
44340
42034
5349
62124
13286
91678
45261
85585
32907
42180
2512
20703
78112
38438
6391
2100
74377
38818
68682
79530
78616
38632
24225
56250
7578
78563
43851
53428
44503
96011
53544
