8706
91435
85230
16938
21675
704
10712
79239
82398
72775
91992
61420
18093
66730
23846
67580
27667
93807
44641
26627
4931
35792
67214
33609
10967
73039
75495
47909
81616
18755
16289
27797
24908
35192
60953
98897
10216
89502
85330
25332
76010
92289
17888
76600
86320
50238
35839
60710
47375
55752
46920
24638
55316
31104
80528
6893
83532
42404
26089
63753
33857
99539
98820
80716
69714
62263
83433
23751
21282
79731
4895
81139
2849
1021
2000
95997
10736
7592
34292
92028
76520
35096
35804
50620
34782
71616
40092
6067
27158
42151
40233
87559
5248
15029
14693
51472
13739
94969
45443
15597
32092
99606
78187
28126
28252
51568
26234
78513
31032
56567
99370
84795
59196
79465
46933
72509
54730
74921
40384
94040
55379
76955
84801
24037
7272
2662
41010
6498
62278
79314
60479
22174
26729
61200
83644
91139
28235
62817
28982
24689
45546
98426
4945
93174
2744
84440
9766
81935
63549
30795
45195
66214
74102
20169
59377
47705
93307
49816
51367
60369
18686
89775
15197
71211
62638
93346
74932
72880
59125
80975
63816
89299
84011
7079
30414
92957
53627
10839
12522
63063
25619
46609
5706
97457
63732
87364
67444
27991
43880
95473
40165
79027
72756
59083
46861
51775
62135
99554
11508
13373
52189
65607
83180
18945
5311
43243
97513
97289
98312
27001
92117
86448
25316
17736
3544
14073
86303
34861
12579
79324
76921
56876
71931
7997
14098
33008
45779
20618
28907
40916
14191
74447
33261
674
47080
14661
20235
93604
32135
97386
89147
76076
49112
27877
96015
22965
18857
90778
17609
83265
19642
36240
83016
81192
55630
25618
70519
50147
82746
33524
89517
44019
45723
49199
67373
30561
56777
19504
39231
34975
51149
28260
95242
68305
87649
12220
74093
44909
23375
72670
4327
66004
80966
53470
85663
22172
43985
21259
71399
46710
61489
1661
59910
33853
16337
96470
28384
21120
13475
31158
45158
23457
74211
59445
78346
98309
80395
82275
77938
15414
98478
22203
46151
2860
27551
31045
26522
41807
57791
98545
36076
86300
96102
72921
36914
91724
14326
321
93606
45700
2018
39526
91043
8601
60583
10713
93725
87371
58485
92618
11944
85972
78262
91161
2922
98509
25256
64393
75673
36995
35232
3578
87216
14701
13492
38275
14744
38161
61608
54500
63436
96183
99577
89331
22833
72563
70952
92802
16044
50725
26458
28450
95524
23129
17607
17625
26751
66049
95987
19431
66869
91196
6199
78161
89201
39667
80818
63116
26510
40831
94291
71918
5984
19022
9342
67713
27147
94272
54240
73135
90244
89837
2204
49445
17109
28896
85242
47955
19152
75543
63892
32670
57787
51092
91604
38020
11501
35698
57935
43609
10714
47442
68241
19123
26700
76272
19215
16826
4036
38582
59428
66547
7420
9693
81902
58596
13151
86159
81810
83753
13170
27550
26548
36307
15286
28252
27697
76027
17057
73836
74834
88038
2762
43659
89646
75767
63007
31628
85499
71435
64730
70437
72367
51004
5703
61082
29964
96062
72132
29089
82939
53841
80512
51659
51159
8327
25658
25786
15385
90423
75658
76442
34081
23152
51460
36013
70588
19085
3927
61459
41594
21518
54396
94031
77596
8325
96136
7884
93974
58022
63562
38553
7304
11235
63671
30028
95740
47597
29883
90010
94544
38039
2321
96984
38264
25517
60524
59808
9603
33366
34708
90843
31681
99857
99891
16966
45160
89909
13554
19353
44630
40515
91987
62523
9693
55113
33060
45915
55316
73964
83883
87104
43340
12520
20668
24822
42427
77858
55080
12037
97249
44421
6458
54605
69421
94640
82515
39415
42422
7454
92461
87401
40687
8290
75990
61487
99079
77791
69138
57218
33105
53358
43776
4771
2542
47548
51308
14995
31520
50412
73171
9285
46677
79062
30771
83348
21643
87059
35767
68278
70886
48680
67914
68888
18897
88656
52197
78857
81679
36693
69540
95004
36717
47881
76128
78900
24838
45062
25212
43001
22832
7272
82257
70646
49192
49571
99355
14489
17033
13905
68096
56347
28007
18054
1396
52902
8949
90329
4282
36384
29027
51328
81206
87051
99340
90912
93210
45225
49156
28486
22097
84590
93439
37735
20724
25628
54820
63175
28662
28297
79831
55167
10657
66462
94012
2509
31700
53046
73413
47275
16967
54562
71037
25257
57507
6377
25936
87202
13251
15984
99975
20946
33799
20542
32641
12653
64384
47065
77878
56515
29518
8926
88516
46630
90065
60674
43712
62171
50801
24724
72682
87564
55029
98044
14068
93071
40380
44779
64429
37969
45690
81581
11645
48495
52657
66454
19407
65775
17979
9030
27537
55123
1750
30448
59504
17474
26147
14404
83324
46077
4745
7425
54910
27216
67303
46048
83994
92361
67451
11366
1896
91000
1431
37243
77701
68338
84889
27529
24813
100
31686
69740
63389
57892
53816
67895
55834
52867
54700
55604
12283
32902
19519
92009
70955
89045
15685
87768
94268
60688
4166
56098
85761
15747
28099
34685
25182
22049
88971
78356
39484
19222
42624
79470
76016
46547
47434
33285
20863
81567
75237
28915
10059
96679
51932
12991
14323
46511
29138
42787
38991
57564
922
18315
69987
3424
70290
58767
13946
13799
39017
67697
26040
83678
41351
13459
92552
20124
67209
36666
36954
88519
23752
84830
47975
97521
65497
65828
86103
92565
82694
6482
10974
11413
75192
276
86262
92104
54827
29153
60985
13577
13159
48275
96529
92296
63372
29828
7253
54435
15267
72144
9172
52450
70463
93851
26024
97348
31309
49204
84917
33499
1460
20439
44807
91555
18657
65696
40197
16821
1016
26974
89743
85411
6922
31555
14878
88543
5646
52480
37062
86547
30877
28923
73970
8471
42573
85652
34680
602
53920
32311
21853
7790
89618
67860
84928
5170
29335
63277
32513
84660
55896
46489
4433
40592
71606
67529
24325
91869
68083
79018
2175
24249
35083
27337
32886
35672
72022
13238
41724
19979
22223
47140
60414
29953
84434
93976
78685
19277
68705
75244
5235
74863
54494
71738
89354
15898
77666
49507
99869
54062
20052
13654
31608
80530
337
79889
11228
69717
68240
42107
4050
67145
85328
5762
81451
59382
35257
51454
94403
7701
43843
90883
12881
63920
5082
78213
33202
76815
3087
43895
25704
40590
91886
25113
93765
33048
45120
77280
41773
40448
15901
64405
4488
68460
53440
42617
73115
94204
7527
70810
64453
23052
14547
5073
18656
75671
99427
59508
78393
45758
46766
44985
97667
36948
91382
29551
52001
8604
53577
99451
73451
34477
97679
38091
13619
5701
23742
81795
45786
90123
11777
55816
53318
93691
25466
41824
15640
56402
48045
78987
95378
55297
66890
54738
50673
80010
45309
98463
45190
92614
20145
51613
5042
82788
41998
51096
76590
81787
31270
29323
72026
4269
57637
3913
50656
45707
63229
2808
72984
74942
40459
46439
81957
26379
44313
87568
11161
14373
65909
91588
93292
63583
19177
25286
43864
73330
95791
10484
24934
11497
24793
90451
51513
64044
32836
51620
89371
49889
38575
40899
7098
47762
30448
19739
87595
71548
70940
132
74536
73709
42401
14826
27921
52578
99579
84330
89466
88619
22249
56608
13380
37198
67694
11936
986
60972
7211
44946
88675
93697
93481
58705
77843
89071
46305
31512
62742
23171
63101
46108
7604
87105
57489
3146
47907
27695
4431
75984
42320
68333
23578
2277
81676
69562
63845
49327
69183
69545
61706
34795
22159
78237
33290
32105
9722
85917
26088
40787
33147
86660
99930
55988
76023
10418
28858
28494
99864
3542
15623
66900
37509
96912
88752
96908
41402
53294
8489
59252
76786
91071
42378
97383
10854
40232
83842
58780
38073
98278
77874
9663
99175
18691
86748
41857
96734
82622
75688
32705
83761
75701
23478
4177
3423
16152
66266
15693
87786
57850
64118
16700
81361
22523
39400
79642
41304
98994
73603
31756
80261
84169
65015
4966
60124
30432
43438
27180
15412
7149
10148
85413
83480
80207
21385
1396
45448
62806
61891
73758
36524
93164
61352
57310
67299
50385
91066
69635
8627
28400
40790
37931
31864
49732
16391
24907
63538
15762
17827
1590
8901
58244
53907
66960
22391
78021
25423
49658
54656
31181
61429
65319
85591
50367
24816
44652
60758
69498
12796
91964
84582
53860
65505
81614
87873
24336
61663
50749
79529
4495
24059
666
12656
12312
79634
76310
43912
64499
18998
53616
41500
60734
78465
27846
2061
67511
24023
62515
69603
26912
51135
28177
10638
74294
26862
33063
88875
60677
91528
23460
89
40604
5984
10729
73190
4258
77505
63953
17079
3865
22463
92511
94503
48671
27120
31222
33925
20293
49249
32193
48351
90733
62763
62187
16040
9101
85113
2012
92251
59871
42971
45378
63408
85439
25525
98616
25507
8847
46703
89820
67111
88687
87753
6210
63948
87545
19808
91904
46903
37775
12415
54767
88107
43965
18494
50671
60872
70136
88781
36215
68362
21556
9523
6869
3192
45955
76068
66473
95550
47039
11925
6192
30976
24348
18011
6235
70574
27853
89988
12081
86261
43111
72962
78391
31510
3365
32285
18489
4128
58677
6787
44976
21744
18987
76509
37986
22974
27933
20832
31536
27640
17347
64887
65609
37958
38517
12220
11806
39263
65634
39918
43837
63633
19263
88735
90581
12674
63285
15233
79090
96776
87403
85580
47686
37300
99136
81308
85132
95438
14200
56255
30918
36916
52177
30822
53781
15225
15625
34825
10868
57734
55065
13409
78310
68830
99729
91856
35493
22125
64526
54587
79923
99823
27362
31265
47355
51487
7787
98603
12719
86729
67856
366
51394
86780
99181
59990
47499
18393
56332
10371
46132
60233
46061
93580
59849
6661
84266
89609
56215
96748
88177
17744
72848
27385
79949
16730
29154
48512
39636
50635
29827
5773
60493
6171
84183
91334
27602
44181
97544
87092
62008
43127
26110
36224
46873
25609
25180
58747
79608
90314
62049
34725
74471
81260
9543
14750
73874
13780
83943
81520
13385
42460
41866
78593
25419
26
4741
42825
59622
58215
36596
25536
44197
61712
61145
64082
11683
64490
67563
70341
65192
54210
20795
35478
66626
84847
61919
11448
87135
50261
56809
18790
71846
22199
27235
47622
35881
45019
77537
64086
26711
26450
12146
8085
59096
88732
24452
69785
53203
47786
25951
62139
83881
69329
76041
64610
79699
10383
67527
99312
93995
92191
20603
14921
7032
66293
38981
96026
8289
29350
85844
85974
50971
14283
44408
9815
67025
35400
38152
10603
80272
93383
99151
67102
57686
52381
89440
43845
94428
85914
99967
35550
36949
50889
74472
7025
10258
89761
31464
97013
30434
79705
86522
49816
51488
44658
9224
62082
16899
21173
84302
83789
60457
22242
84988
92267
28487
74625
8005
65972
76083
14654
64303
20810
23700
15104
67395
35922
47239
81448
12011
88155
14717
99640
89804
34848
75679
39565
45978
33090
55702
18373
40937
60275
7646
6156
44458
5568
23757
12758
56385
34783
18312
28996
17467
92242
49133
8142
46721
92326
58187
64280
17578
70702
76364
32958
64079
10656
55636
86547
90506
33455
62961
21823
43102
43358
94647
40501
90894
47652
47287
24785
54157
30019
11990
69509
13675
41572
42282
69997
31700
88041
82907
80523
16415
33899
36659
52088
65681
14619
89477
30202
33004
46777
10214
43472
68887
52395
90788
41992
4123
68690
94903
50901
58108
97307
39065
88947
74833
58162
38310
64481
12021
52149
10898
2031
34718
4301
51155
71462
93671
54348
47694
88689
942
85197
45487
32025
50462
31491
24512
71437
69629
90200
95195
39372
29519
63105
91409
81250
85948
97078
75474
11349
71344
52204
56448
65502
8296
20092
62905
85897
69624
35131
4498
95231
66967
69974
2766
17570
10114
83196
70976
81489
42710
91860
75234
97411
26454
74639
14660
35549
15540
72160
17105
43432
35840
40421
58731
32733
59227
30398
80682
33974
42413
12371
94169
64618
81823
37043
36468
81211
21280
27190
64649
89400
37640
23327
51300
67059
21042
64849
77075
15170
61050
74082
98576
88761
47722
24870
6909
75872
97521
19609
82202
86413
17993
69028
92403
84713
32253
67587
80914
49693
94584
83979
36907
74779
41829
41049
44600
26062
41762
42329
63377
61637
19253
13425
99275
77702
63783
65665
90225
87674
47779
56688
42345
59455
14191
18065
22658
32953
23913
43600
34804
15032
88870
83584
78634
2341
54982
70085
21993
13751
40731
6265
93597
23677
81662
88738
39579
75081
78928
96158
73102
16752
850
69493
86380
