60499
37086
4711
4475
44066
25452
93119
35473
93202
753
3161
9545
3066
40043
23310
75360
26309
67867
50009
18318
71898
89711
45681
21201
78528
6823
59660
9937
77203
63437
2838
63657
17038
72064
52874
51948
65922
60242
80937
99010
13428
83061
33297
64379
97175
49735
71416
72909
45838
19655
72792
22953
82100
33599
21424
50942
57054
59152
71579
33047
93907
45895
51430
60150
3340
5561
84198
31051
95421
55084
43548
70645
53761
86376
27325
94771
56377
55655
29085
11455
24766
17272
10433
69512
57735
62250
28831
39747
59798
60125
55333
41471
5273
44172
24601
7568
88692
24741
95603
15108
99737
63178
65553
95239
26636
89677
71922
76105
35797
2431
37792
5547
97445
42553
64321
46573
27090
99518
50777
37877
90934
65243
27375
64143
79605
21416
19046
86421
89138
14341
19341
41576
60682
44294
42776
31602
21151
72276
41269
88545
35887
26051
15689
18866
31356
69488
27087
2214
71031
84473
13835
43967
70797
3044
50695
58266
21595
18902
43739
88896
46474
2081
41065
59018
56830
38307
53459
77591
88319
15476
21372
20263
90801
83649
35052
45569
18617
22133
13172
3476
17628
57431
71963
42621
33639
89264
71643
25033
73205
98320
9864
12709
32261
29076
42894
99074
70653
63735
54452
20210
51320
29236
59375
95656
81777
8291
24715
16642
92481
57515
14391
20843
61783
70993
15198
67016
50382
65997
81737
50355
39543
9057
45767
79951
76824
45247
71479
73436
20645
41270
2401
10706
40756
3828
37878
28574
75514
88759
97516
31244
68844
73549
80498
37709
9864
26078
3347
86492
76374
65857
4488
70575
39746
80486
36891
80935
23256
29729
31072
95821
18452
42317
99946
64665
54906
86495
74255
539
87553
74336
2740
13052
12749
41944
24758
84853
49329
32960
24677
19157
24137
1135
7210
63198
82853
39247
90719
43044
6424
36282
1590
28939
51000
62527
66907
87113
44979
83117
44965
63968
70654
4591
3555
91616
29888
66113
54508
99913
43356
97302
79610
69479
61129
77962
37838
62610
68688
51535
26716
24577
56972
63701
81681
56473
87628
20333
36477
22609
25367
84868
34874
70398
28175
64167
79457
8701
83106
64086
26724
11857
50474
31190
89410
90885
32493
35469
86748
804
13738
90386
91269
33602
30322
51227
56794
80044
12212
80486
76413
30350
8902
19872
11569
23706
52452
62562
53711
49635
33906
76417
28590
50456
69189
89171
29875
73361
8810
9944
73568
73098
2034
27957
97632
71797
60684
98956
92239
41190
80296
2587
35231
84260
67106
29873
24676
58332
88178
38916
45792
99660
8954
99096
83065
80756
7616
29286
90032
56049
58857
23996
58997
28861
61025
52819
90862
3303
40055
13249
51261
68335
1221
14624
13390
98094
15446
71885
30172
42505
20779
91799
48826
25276
91579
41459
79444
62552
78103
99107
55825
64839
47357
712
81624
87234
62460
12234
37765
48567
22224
77143
38101
48763
45253
11511
59492
75534
23592
44859
39708
6461
89798
33990
32034
80591
38282
9097
28930
34859
16868
46768
18808
74978
57736
2819
19739
77855
48268
79445
41834
3193
51776
45763
66065
25589
75714
78615
91466
85284
50663
41340
94920
95668
27268
72267
68168
38668
20234
11769
45198
25387
28618
57006
9836
98655
39875
96847
78153
6578
81435
45963
83193
81790
18098
66728
50588
19734
6108
40298
42765
61172
5489
24127
66748
49048
21098
12191
85958
47871
89786
96308
49961
85012
56187
12193
57756
97608
82863
42281
14
46200
21882
38845
83538
86817
34380
25564
27302
76897
82253
33451
33553
27245
31860
27935
79751
2202
3444
87891
47551
13216
71968
4535
3537
47248
75157
78370
73099
20718
12754
5729
3622
52178
27348
62986
96076
2432
41619
16112
95105
39526
89406
6025
66899
47866
18780
86055
61425
15628
64093
16848
50952
2716
80997
56166
60418
12721
13496
16284
56769
66606
15318
79
44247
3359
79264
68402
20471
13339
37625
35943
84221
43794
84397
40572
49970
2814
35725
82012
16518
27947
88841
79683
57466
78730
61777
56725
49831
58641
96176
17423
33741
71232
83798
48659
946
67696
33635
42513
42781
48639
31024
6760
49273
41566
52753
2776
40218
87381
92891
26227
26348
34127
22873
24938
44139
54309
56406
30451
81308
73276
14810
65051
11744
20494
91659
74398
88375
92974
96919
27431
399
50671
20261
19817
87346
47380
90830
14988
16573
37467
26453
57676
73117
88702
59138
98864
81200
74546
95678
78213
75253
15422
22281
20244
64959
87821
90348
13986
93612
22532
26902
62244
72001
68867
97605
6323
81052
10411
12941
54766
75638
79681
8817
70552
89231
33995
51731
209
34504
22921
15587
60414
18506
98879
52363
32922
42705
96775
32042
57033
37967
35986
58582
50301
92478
78595
78153
32855
66601
11449
83483
78404
52874
6438
83871
65924
31610
53345
54272
59995
92968
52652
98834
4905
44911
1920
64360
77888
3135
8647
17407
10230
63805
14950
55047
51498
92887
25008
53833
21766
26862
84870
74070
69471
68797
76056
27245
28396
81014
49324
83285
46311
21018
43039
41325
39897
40881
1768
12729
15862
71925
35057
68348
86511
46356
33761
83350
99561
65385
91891
72407
96599
9436
65609
45660
12346
167
37853
31560
27770
66349
46964
6574
94094
36029
80814
43680
51865
75967
34062
41707
79512
25968
75546
25766
19209
30534
75202
15392
44336
53172
95509
41479
52493
69714
61132
55681
90749
76180
82244
16684
45702
13992
21978
56606
59916
10765
66489
27737
68464
58423
77339
4948
84499
2060
80180
72308
1220
92755
71219
53799
19066
65436
3458
57494
51594
38952
48411
90164
11284
99658
15844
64984
27366
22103
53980
68885
1769
821
45703
78050
66437
15769
62497
10143
65500
30597
37143
80127
49162
27753
68653
82802
32686
17291
78505
59745
43468
17331
95892
20871
51966
93242
61559
81583
58114
59941
4712
45339
83846
97065
65566
8400
4522
363
7276
88655
37252
94263
85338
83628
92534
60392
19954
44115
87100
94719
47444
9376
10507
92026
10472
87421
35762
70584
83686
79611
65133
92183
21267
42688
6335
3079
56013
53295
81370
19967
75723
90144
80586
11724
51983
77230
87877
82490
98909
37813
19470
44511
94936
93385
38344
80273
9471
4424
29121
32535
38013
90461
44108
28237
64306
85833
60196
37599
36149
84476
18447
93306
62671
2200
53456
46317
15208
38114
57935
14627
41362
48215
69501
89212
82366
53630
11258
97434
17602
93606
65516
88340
46912
99042
10882
96564
61286
6227
6948
61961
45595
52417
67948
30645
3209
94967
26982
39743
91654
73980
55812
92969
10937
94756
71725
67055
91679
40830
32588
50064
88947
40937
93972
1830
99442
4032
78112
43988
84680
5261
83458
32536
838
52835
45708
39348
7154
90776
46482
70757
49071
95797
54139
81081
89763
7874
72788
96911
94239
93572
70140
53979
53927
78766
52605
62608
76443
3133
56937
60015
55202
42638
31721
78175
76576
18188
89110
54447
18524
58772
17504
38860
43913
15564
59224
6740
94193
29883
73733
68224
44668
42314
26602
77319
91275
92941
67157
82246
635
3326
83632
26152
70027
49751
53650
2653
12069
34183
39995
94206
12
34543
16867
72993
83939
69057
50223
23759
15530
40852
97286
55956
99698
38387
34949
8615
25012
54947
74532
15473
11713
56122
71268
90220
56015
68067
90856
12105
42484
81277
52575
40693
42459
64749
28691
65224
15808
63586
43291
98796
85748
9489
80142
60526
62020
8001
78855
49860
46416
79028
71327
6371
66451
17819
86376
65671
47933
12503
29438
67469
55244
1184
26339
45340
99322
76751
5436
29441
37679
50749
80748
23177
68213
69014
90249
72755
49127
31248
38103
34570
60994
4318
87371
59559
63791
34753
50606
55904
91680
59803
29764
61930
71376
88375
63969
59514
46153
73242
53936
85045
36807
24185
45237
49706
73409
18041
69093
63800
87164
46106
58998
70853
60458
1974
84261
36391
94950
53554
67384
3586
72505
61922
81261
23359
51857
6586
54244
90081
65067
51871
46432
65640
52141
42329
98885
54486
99660
46457
98984
107
29777
77444
49773
9475
19697
7298
78892
76144
18510
56400
73576
64959
68235
84397
82195
41756
28963
30319
79952
79972
54217
49876
56609
52725
61922
76164
47461
23734
98849
86300
95342
83339
1959
91023
1000
36925
18746
76870
91999
42212
60519
21268
16146
9168
27493
69736
44458
21690
62615
11347
50804
13752
62267
13712
20632
34384
96279
81977
29540
65597
67147
87639
23981
15330
68899
72504
31003
93483
89763
70676
21686
93293
39588
7193
53818
42568
72925
25789
23356
59739
21730
70218
61338
48185
47862
93680
23180
88980
74830
99112
30658
46968
60729
19449
43392
88016
29827
31448
56265
16289
89001
59239
41964
79585
16991
64517
83733
58044
29419
39129
72390
46935
90566
12758
73835
67799
64104
63553
8481
93844
69278
72723
22477
55305
36501
95497
72033
98385
36864
30323
86839
7402
93777
55742
26287
63976
71757
70146
93112
9329
77328
13432
23044
96205
69
71578
26223
65455
68020
65211
16348
58967
91005
1529
26943
85444
17821
25214
80610
88411
38870
38506
46760
26874
24450
73166
96086
68234
775
87801
35916
10317
30697
32857
89569
94809
84222
72572
64995
47910
55042
78264
43212
85692
3678
10571
5446
51418
85224
89579
9364
10001
50289
11287
19452
10812
91389
6409
94304
44199
43884
53275
34505
59383
40480
50420
98767
81784
61395
26426
3110
66388
18473
14683
28162
50405
60837
48957
72981
23270
92139
41993
10357
14933
45000
93874
18140
14447
66950
39423
83929
69977
33979
84686
6298
88696
22765
1379
44778
50384
40687
45122
2912
72142
33960
38431
63973
13228
68501
12626
37307
88874
5620
34163
14753
69799
75163
50397
81262
80196
82442
77337
71536
71126
72100
17731
15435
38537
11997
41609
68865
75525
53279
83437
84033
97023
68972
10088
33149
51706
72759
92095
63108
40749
72059
66978
25109
95946
15065
17908
92874
30736
50109
3590
55815
66854
27536
65936
49433
56616
39201
10982
64200
66222
8779
5454
56308
59047
17267
56483
68951
19503
72373
45217
61153
87875
7918
66387
32657
34418
29971
85393
28065
87062
10094
62060
1108
41204
62920
5917
20854
22388
35203
21746
5645
43031
76569
76058
77682
92958
58370
65323
41438
30093
56373
94933
2456
92511
15446
84281
59588
35896
69969
97767
23366
11559
2418
64187
35947
39251
84328
87630
93955
96368
58856
71902
4542
40494
92155
77446
37123
5797
42038
4817
68497
65448
66654
52025
57437
32008
23400
24369
26340
75641
88820
84883
72158
76067
63947
21110
76586
88288
16375
69622
36357
94450
50256
83588
88496
34576
88514
50629
62530
57469
97740
68313
51883
9733
85575
62872
60081
85630
52776
93059
43881
93433
87802
15536
45085
54946
50369
790
75539
44024
2313
79291
95700
87222
8974
66453
6159
95109
52439
61937
53643
66308
69128
43920
38252
7994
48556
82203
97099
46367
7523
75337
30995
58516
84561
76465
35462
43146
83166
10143
95110
61768
29129
98136
1304
24280
97270
6037
57019
63233
5891
94518
39955
39642
73506
9141
5193
49854
81677
70851
22086
57753
90268
35642
56568
59537
6960
76356
29687
99267
21585
2165
5936
92626
77645
72012
90832
83550
68321
77150
46181
53837
12344
64848
63621
29365
86307
50498
72269
78199
64274
18505
94685
75684
43043
43750
6871
19488
11921
74850
2649
13633
59612
8063
10514
4690
97611
46384
61946
45598
19441
82252
64153
83001
8133
64233
87368
12495
50562
8166
37050
22874
16537
91469
44744
55228
13002
25651
77847
35645
29276
36544
38140
1353
47943
94385
91742
29230
7806
26580
48970
92953
70305
14833
91635
20436
58799
25311
27405
96747
11377
45597
36144
59374
12108
5411
61478
62449
43145
39426
92395
44515
30618
9993
74266
20390
40959
45147
86452
31886
21135
63046
24550
34418
66172
47787
29297
66926
40445
13559
11335
51099
75401
44154
31239
92529
15678
23117
7628
11220
88045
76130
42657
11773
23140
31719
73852
14624
68697
68962
83945
8857
94726
61598
26311
54388
6105
46796
52571
56773
46072
43792
61062
61355
95302
22732
20135
65207
45588
77248
58620
25039
54564
85665
57301
47202
68494
55212
19860
81926
33825
31170
49525
8095
5028
18681
8523
87169
96199
