34924
31874
82401
73185
51543
78171
25905
62289
27503
8626
37964
81198
27311
87462
19623
74972
72489
17074
60805
220
63174
84086
5889
67892
31423
78390
8509
52666
73701
41760
842
17759
97637
50384
66825
90814
83870
86549
998
66459
7619
8709
55120
4173
86629
86293
23217
36329
22204
25871
92368
557
78285
78672
91361
63049
99864
85942
2216
4967
6508
88288
60645
2815
9359
97860
60639
45461
90698
8158
95712
95425
54013
95208
14681
20120
99486
46007
43439
89922
4887
35375
25827
64271
95140
60753
66487
64428
65104
35962
16497
62099
79638
39578
28622
96816
12604
11356
23184
71787
2162
90963
47809
67863
93588
97340
84767
58339
12806
54097
58106
3513
63915
76635
19487
53202
72234
50032
46365
87907
719
43272
69127
84849
52074
24989
54764
3801
31516
68677
13897
49458
85802
61193
65175
82032
53063
57358
86546
15817
54886
55640
6395
66662
37231
5094
39211
83616
19965
92178
50248
27438
46167
97507
41525
39242
31803
57293
87576
76220
3996
11915
13496
78241
81813
74998
134
69006
97353
10346
21674
88574
76900
61207
69407
201
1978
36626
92121
13805
48389
22988
88361
20768
57666
55394
18694
40379
29811
53088
67147
36906
38834
95979
70175
78104
63303
95114
48768
70888
92951
88996
24736
28008
19401
79774
75736
90706
44121
8563
85280
56687
39976
57549
73721
40163
84076
58035
54160
21294
39093
78204
43216
26047
97832
62138
70792
14312
21541
92517
75231
44037
96299
53396
40684
22250
3825
76630
32034
49972
53084
65741
9392
17400
47362
4395
58951
8131
67771
73201
59917
26798
38655
18117
18241
73161
2939
36551
37067
47525
76216
73088
61069
87290
67178
45815
27287
2502
48999
56290
78578
99482
41373
71525
47486
55901
16102
4668
98094
38144
70527
62608
21363
32326
22519
73359
15459
94064
68377
53801
46763
8898
10692
29272
79529
95185
7075
70490
82562
74394
12640
70403
69836
79881
89206
43853
8612
74564
32427
96278
33435
360
24393
74207
37249
87784
53724
79924
71959
12849
57768
5435
79889
173
32253
16736
94885
36181
22572
98407
97225
74323
57862
50662
80031
85449
14145
16265
86532
30778
95995
3067
7312
12348
7574
59468
84612
86402
43333
54682
56744
8854
66268
13496
89882
18785
57369
56032
86745
55886
13718
97091
32123
50809
44678
66718
33714
23577
65721
23939
43408
74543
17646
48962
98936
54807
45310
15665
8724
58575
54436
65790
13801
88636
27692
29058
99804
7949
21942
59256
99376
5274
87413
85388
20685
70836
46505
9085
61324
99232
45063
14729
18498
11069
42157
97141
86205
12292
35754
53162
38027
90712
31153
28099
30163
82943
46643
55763
23531
31770
16559
81707
16013
93910
95781
13250
96355
51202
91667
97052
79756
24435
49533
85198
61845
88374
95994
14192
32524
38936
849
87698
24081
69088
52639
23563
28980
68688
55643
98355
11945
75328
46753
98549
58181
68174
99555
66523
45040
14868
29900
11595
97930
52736
42345
41655
92968
9881
60067
59269
98616
49171
62210
57669
6498
48688
12087
46657
87582
15922
97262
36213
24126
69787
18251
6471
10009
14483
56453
96727
82546
72305
23857
53285
47354
38678
47203
86186
84554
72016
67483
98260
79343
33453
42002
66419
2889
47055
20733
74777
80547
59804
31242
21892
23541
42484
47229
50347
67545
87510
34556
75849
57024
27840
65607
25199
37692
22279
67925
27695
71151
26803
26301
42939
65520
98981
88819
49520
23805
63136
36859
63657
47768
97576
66633
4652
99239
92033
95566
74893
13075
63413
50688
76119
76407
11006
18144
40831
37331
38500
33072
17933
82856
69467
67286
15131
30732
35423
28562
67061
12674
21136
19797
67777
87518
10535
18916
78996
12041
88417
31102
1332
14438
18053
33798
74804
60857
32887
81891
56999
78947
51716
65580
12539
4009
51027
16662
35873
43152
5641
40316
20929
10748
39358
8933
85774
74515
11005
92138
58206
65729
98091
12884
29052
49343
30217
13332
83984
20201
67468
86199
31759
90071
15193
77384
57070
56885
15897
93865
39568
2355
61405
57236
97097
47041
24054
27711
30850
2993
14311
86032
72875
3241
34076
1427
62267
54685
9843
32617
5347
56373
57982
5855
7313
48653
55559
89053
98042
10383
64479
34301
13154
1135
84124
92418
32911
53270
88275
12638
26183
54765
35751
28156
94447
27860
31057
93963
61674
863
51242
87240
9967
90860
48257
2585
17920
63635
82274
74413
18958
13717
40766
37095
60255
12322
50566
89782
9370
3800
95714
67284
25340
92290
12567
31015
83746
49408
45482
84699
21117
91092
11318
88423
43090
17139
39065
91559
22806
80510
22108
30180
1349
55113
44937
37846
90349
598
23579
99949
68415
80580
29557
41293
57685
76739
50922
74192
64517
55434
80661
50067
69246
85725
12795
51408
53922
78120
69468
32891
64073
11894
78607
70587
10807
45491
70955
6385
32922
59315
67815
81123
55213
63091
86330
34380
98785
11062
97867
11477
21958
7406
36860
58983
96177
51566
72434
8830
50413
68587
23167
48148
49610
93088
16571
47014
8019
27168
69163
69523
76634
72309
90454
24967
85442
43282
94746
25336
65829
8055
38319
2996
26255
61905
86400
8094
5149
36187
54262
49098
79041
62639
59848
61851
61005
62650
71526
92615
84805
7537
33886
58809
33474
716
6923
7482
37577
65512
59551
26037
38031
83426
17029
72340
81118
16817
73756
82038
89192
67244
47790
79776
29599
66133
71531
67977
86452
67953
84194
91949
25149
17769
16023
83284
27922
94792
31624
64887
70174
91495
30376
60441
2043
73859
85558
88694
97319
82517
40653
38696
32779
76795
71239
15958
64978
94123
63919
21469
78663
95761
59968
75609
91241
96498
60650
27230
11110
30727
93651
94498
64157
90238
95583
68598
22364
80087
74249
73963
91219
78071
76166
19442
38489
50617
99758
93651
75953
73305
62743
54733
37777
27789
53382
39848
34503
98515
69614
72930
99982
72460
77517
80606
90099
52983
1108
35650
36752
34948
89198
34908
8313
52418
91814
84405
78671
2516
18653
8151
60971
69454
45110
19148
19273
21269
77588
91212
31631
28458
89133
48418
41453
58498
88873
45358
513
33151
94316
45836
76632
96463
34229
20266
71758
30569
21661
72715
72097
73653
1603
77422
30929
39869
95853
51564
66876
14523
38826
16164
45630
99505
22390
237
1570
13732
45234
24631
47133
11278
92845
61495
12508
65893
57865
2885
55912
84792
47412
87762
85628
56854
13888
30478
38970
10813
88875
65812
70469
57522
95894
75720
11845
17065
67135
91186
79673
86253
91699
68917
23200
84963
78451
27073
24372
30811
25301
86852
84868
30807
48512
7446
60872
45927
40609
20758
35255
79952
93500
69203
49006
67455
44626
25069
48999
87468
78283
23082
47552
9166
41678
69199
30749
83804
15863
98124
97113
33167
15375
39620
55987
48979
77240
19437
65844
9981
39912
64506
46761
43803
5820
4033
58417
9298
27361
58209
95227
51658
55504
84506
13611
87412
42607
7828
72889
9342
96621
95313
40930
62351
42547
49138
88438
30503
58813
81419
71626
92739
21208
4152
82057
50167
5040
14089
24521
1377
67418
77574
69113
43883
55832
23565
12026
9577
66679
34405
71097
3
7934
83423
36742
73266
3863
5980
96728
48604
16477
6356
54028
36860
48398
96689
61093
75578
34830
36152
937
45935
28567
88661
55723
75388
31253
45638
16907
84717
26560
66661
7493
21036
26518
75359
6595
29390
50932
10474
89241
54721
21610
72736
20247
33246
68097
27052
69985
27738
9668
16498
51992
84699
99501
19661
17642
43106
91309
36137
81454
4167
16117
16329
92134
79458
37452
61148
9075
70841
86902
4832
91772
99702
68814
59828
60530
95370
62853
46496
40799
72965
46192
52408
60632
79450
3310
66086
31007
63349
90690
8256
2121
28360
76136
40033
55294
63996
78019
61945
59716
7449
88424
30275
96059
79994
76020
7940
24828
58582
29372
35979
56337
88627
19545
58666
61334
17580
31955
60401
46545
30498
41838
75725
7777
98645
85048
15157
64748
10024
6557
9040
76412
36815
52635
9166
33325
8838
9578
3667
24465
4433
81741
94535
79923
40591
44722
59064
98013
42668
5738
66649
75605
698
52539
50568
73863
74103
74651
40731
68064
89508
96307
47857
49828
87386
69120
52137
72806
12453
34362
90147
58790
9985
79648
52657
10186
85658
82920
2909
6933
10043
57774
83
1195
544
88525
65853
61551
93360
70830
63306
59880
25946
54259
66960
38807
86514
16895
90219
45290
51237
88860
2317
66841
22134
81607
10676
60847
99007
72885
6526
24619
67348
43469
71794
14019
60780
61070
23448
81911
61407
59285
27837
74195
34309
65002
52059
90782
53525
86371
31969
91653
65950
85278
27164
4006
56922
23181
2137
65503
26639
87259
19757
20767
60109
74986
58339
73506
74984
39584
66772
85063
61416
76247
53554
1651
85986
59567
65008
87187
17787
26333
45602
36391
48909
34635
88980
43680
23853
20204
82181
7413
62813
13928
17473
56150
62302
80721
96370
93852
83259
89218
78555
74343
91554
24206
34852
31820
98719
9281
47817
13866
61774
15908
66116
86157
40181
96861
59617
3929
75213
97003
40920
74283
52491
62369
16072
65533
31917
89778
2266
55053
80932
33456
3583
45461
26804
12632
67160
20488
51550
44610
51649
56481
89136
61540
27425
53295
48770
55894
93738
99146
80384
39619
41822
38050
18781
94998
14983
65582
91526
41435
16756
38936
52235
41715
96460
50660
5776
23696
97825
81940
24761
99007
90827
20928
17758
18964
19484
4379
98814
19778
89075
16715
25158
74035
85085
59669
15374
83518
63175
87773
33851
19625
74554
90202
29006
41941
94359
87878
42527
2996
1990
6246
64814
77762
21838
78742
97837
40175
70421
33743
772
45761
71680
18668
36061
69394
96015
18897
3986
90269
50653
36303
52324
12400
98985
2454
74374
58209
14775
14907
63375
75276
83473
1547
74291
51848
47336
37508
54939
45404
53664
62018
47615
90394
