78890
10157
54222
75819
10652
80891
17260
6410
33805
35277
28488
67622
99017
76898
21635
21065
49211
22565
31943
71899
61467
21460
36640
86965
13909
95465
60592
32672
50581
83555
80719
3018
95482
36470
67518
60628
23339
74443
34978
19212
29111
90341
31178
54555
50848
53350
91031
42988
91266
44231
89928
91180
52184
32129
82439
39216
43029
85112
83763
90071
49634
91800
53277
42926
52819
59893
69327
85229
67597
48846
42319
28924
33280
88621
99167
60022
22407
34165
86380
7449
52104
6154
81279
27089
75345
72561
71316
39989
1556
32697
59945
59867
46107
75676
84200
94426
36448
98593
83881
7372
8995
86237
45196
83620
15359
73763
52711
48880
19090
36530
22639
56591
4836
77170
57783
70152
40681
8964
59842
36444
31364
66723
58347
67831
75215
11648
67141
24155
90853
34987
59097
13662
11019
6844
57698
12384
50426
61105
80112
35179
42082
55200
30578
78444
2258
94317
35195
94485
28151
63654
29607
50555
54234
69469
59633
71784
93398
49894
31536
66554
67206
79899
53398
85283
85944
61267
42028
69168
73593
58091
30791
4132
45488
11033
2975
7015
37107
39496
92559
36019
51317
19840
39661
35459
38360
9898
61493
96075
47954
75334
1299
36473
96125
61724
47528
88717
70718
47769
73444
1630
59010
9682
33346
59090
18459
24521
65802
47392
27319
41135
96522
95720
45731
51407
3956
56803
89850
1570
9205
91050
71668
93670
78512
66763
85424
40585
81368
91471
27837
54554
30200
44991
23870
68765
38626
93513
92320
14332
74423
25839
26275
845
50653
67813
82305
77702
93786
99089
69233
85550
51202
17526
2441
42417
52117
70875
42869
47497
15753
2797
71227
27059
8492
40874
57411
91561
87793
87945
72702
20840
34781
64895
58065
45082
69758
93007
5696
43322
65231
97025
32958
38319
19641
56266
27915
26941
31607
30460
23931
48523
19287
39412
17121
60234
62394
81158
74923
58038
5388
31982
96670
54661
49590
83469
77731
1807
79195
36713
97683
22894
11595
91873
99905
4686
35967
42446
55109
81492
5715
7962
4543
33937
80163
16227
59937
15833
68800
76823
96749
17321
17401
71251
14849
70189
89528
21942
56530
2146
39192
92270
65546
50864
40850
12792
42882
55692
41479
25132
5040
55244
26110
84220
78847
32382
42975
62066
73162
64690
17370
51797
52290
58101
94334
79376
98559
64133
89428
92261
92183
7051
94165
9166
55444
76281
78076
83192
5135
71530
52900
51752
32358
23322
16087
21063
81955
50032
70537
60388
35222
54014
25465
61805
9010
4044
19270
54956
71937
99047
69467
53036
44131
58957
47031
46263
90794
42582
92903
52077
41845
49446
42939
77569
69972
22846
4254
48910
37700
34751
30698
15010
80371
99668
78095
38219
26437
34206
80938
43535
69070
51871
81360
9643
93785
58447
58525
50015
35654
92379
51954
50393
86638
36654
45860
151
98679
13957
83231
79364
31389
65255
8161
40832
74562
3456
92854
56898
35170
28438
91777
84575
16124
87462
79551
39315
29787
65908
71520
57697
83093
97240
96282
72379
43088
88245
88046
18847
41796
65863
93334
42816
7558
65268
41295
79558
16330
95409
9867
32045
40882
37797
31008
83430
38472
57131
17405
41245
58257
28195
60339
25621
68581
12478
43815
81910
1218
50097
43572
19258
84783
67863
31272
51034
92727
42689
83957
40416
62670
1068
6726
35047
53322
79958
12696
8315
92820
22178
68396
11679
38052
30288
5074
82366
8359
56934
16799
43851
79004
66784
14760
82710
19877
65389
83836
84767
43152
53743
92303
65887
79916
33770
38437
38329
40321
59625
78819
12284
24341
2428
72302
44018
41015
71951
90900
6993
62823
17765
94234
80396
88882
14491
37757
20725
15719
21042
86589
6343
17578
92151
36608
22421
19619
11937
2358
84196
6796
13937
17330
80198
48803
49762
6397
53915
37234
69396
32395
32272
24898
80225
89320
52424
29252
58916
13095
34497
11984
621
7559
97261
74997
3282
38081
16164
19427
1352
28139
78684
98753
82883
5231
701
59695
46657
81639
29368
5292
81944
22854
72905
33424
82452
51895
65841
978
38187
61257
99362
39006
84165
55934
20796
97398
23319
30682
33679
28962
82456
92668
10408
32291
4708
76632
63190
60355
29722
63862
5823
67523
63677
8606
78748
11528
95256
95880
2932
48893
70772
3248
74272
62415
1981
15744
9589
37524
43414
47936
7669
60704
42623
60010
94407
47606
36326
15820
79789
21107
38225
19971
66269
50265
40110
88328
13031
30007
26899
51718
78702
28307
88383
66156
36266
52755
95688
4564
78252
91621
98854
34754
7700
65861
93450
46346
40995
87995
98729
75328
32322
61378
87640
89129
66338
69115
9840
37367
55585
95707
52884
43817
22233
96506
93893
13723
39946
80123
4243
57196
60959
97199
83216
84247
55921
35259
13041
9919
49605
3860
47396
18997
44285
56838
68170
78951
84400
39180
71213
57050
31061
64899
70740
92988
83025
29259
44243
1908
1945
33791
74984
34364
74050
55779
87529
99539
67792
25211
13295
65971
27639
81712
67706
90047
77817
71522
68292
86696
96660
10335
73982
49006
62156
81658
79803
43891
62343
62318
58351
59456
10405
66841
99659
56407
3623
80651
64434
80590
17801
8401
32186
26689
34316
98174
95346
4139
55678
14962
23287
45454
77261
27476
95969
14479
47832
41248
86007
17473
69570
57930
50026
93462
59442
65785
75465
61969
18136
69629
17347
36008
30191
49762
51051
66142
49518
98986
61723
67445
8215
24313
88776
95343
23374
15769
44721
78644
66541
78492
31665
88412
3551
96329
85873
19940
8629
45205
91081
91689
6001
2798
14615
19865
94679
7356
36875
10225
67639
3008
64372
19710
45340
71485
39256
79698
5302
90910
84174
39926
4449
81158
50257
87555
58941
92252
68209
19386
67459
67373
37706
96893
38186
65277
28677
93518
7183
58250
9579
51599
16432
31226
62365
2325
53498
95271
91634
66261
41576
94378
86312
44315
8654
28334
46211
29364
57552
36433
42968
17349
4825
86884
45089
73288
55808
94968
226
12419
35540
49398
34298
89635
857
60752
96726
51386
17644
58476
53764
93375
99050
53686
7827
84683
65413
53807
99694
64351
4702
62115
32615
89993
83485
20283
42572
19651
82733
55307
27367
37937
10232
73518
38673
95352
71928
3832
35838
15768
68213
30045
97980
41173
18001
67635
91778
25097
3363
34446
96392
56529
70565
36548
94052
94665
19544
40696
45116
21519
63174
33026
79780
74170
40106
69970
55133
1360
20561
11848
45854
184
53093
92190
59632
27771
62227
16571
94254
50143
21744
3576
82298
85841
96512
77496
1534
25463
66919
97460
64343
59885
24288
60900
37877
29767
53100
50639
88180
16802
96422
4321
86103
33256
34600
72526
60622
30459
94144
97639
36031
39233
43621
89358
43495
75614
26465
94738
54573
93800
26814
60745
44569
44885
63774
65503
56965
4736
61963
50810
6677
67294
51775
22916
29510
60580
11446
1192
57938
31893
74884
85031
79235
65929
94107
78170
10945
44991
63241
56577
10852
33973
82195
91191
23838
74491
62470
39962
56403
2270
54979
5048
61129
59868
10328
10447
7994
62794
65715
92983
17190
91285
89390
15248
29000
22257
3588
2984
90269
86376
49902
81339
44134
33726
57258
34533
19958
18203
21952
41713
33764
65556
11686
48077
25971
72912
61083
14879
82888
98642
34838
54482
11143
40596
96518
97348
60130
68020
35939
56748
16537
67877
76102
53878
27172
89819
1907
41231
41539
25740
27128
15250
3997
39594
43607
40658
66852
71113
77182
18333
40344
73041
8558
16182
43258
5724
4132
48202
68756
5119
41754
30757
34048
60744
9432
67082
39620
88594
1223
