21308
26708
11970
73346
17494
16779
62157
58486
51699
69991
17227
37725
73880
56252
5862
56625
63375
37266
892
63824
44076
75740
64690
74037
91230
23998
36157
34410
78617
31911
81131
34164
18100
2415
57861
74939
24857
14385
7110
49764
1109
27290
62451
62312
68743
79768
90519
54898
96941
95189
13230
3614
64788
11221
34425
82079
70815
57590
91899
91461
51486
16464
82453
3736
98922
13247
62404
67617
74455
2113
8855
82130
99090
30209
38119
51501
64571
87218
16801
96870
49439
72864
68362
15235
43342
43918
73382
44155
79807
34422
85272
11875
52814
78086
34864
26900
45690
197
77063
88458
32246
87867
40692
79867
19480
92116
78660
40515
88848
62987
79768
98967
58757
69811
95746
89681
34824
12731
57515
68843
36406
88705
3224
91053
87998
35490
17245
7905
42322
40477
84119
1925
58289
67738
94344
74934
91463
26298
99928
68551
67291
75373
6798
6409
98032
38226
8440
12569
73238
75265
10554
78693
534
49151
70035
23736
98607
99944
73267
14218
47493
36681
8487
90598
82628
43290
44906
75813
78578
91368
17273
25760
5975
50126
28777
18311
60914
84643
27420
67369
59887
37612
81443
91581
65342
96879
77891
63474
57005
61312
95082
14122
92387
30948
54533
70890
6170
63841
40781
61356
82713
61678
88605
25212
98464
68981
76295
37771
71812
96592
30895
63618
76752
9142
46780
27049
73712
48327
42441
7101
85988
99083
32013
39310
3455
44116
67886
33771
26563
93756
18622
99634
73121
22729
82459
99874
57940
93190
832
46980
21153
94261
28621
90152
24866
82283
38260
37659
59762
63161
83374
4208
3405
18409
24249
72490
50162
39886
22261
10494
89072
4725
43277
91785
40412
91580
71065
24577
74328
12064
20955
7308
25633
7155
61223
93320
87699
37308
95118
65336
15352
77186
29977
91615
91791
11141
61529
59973
17747
13983
31271
63314
62465
93052
72726
40861
75567
62258
48411
62997
96431
16502
93504
84411
13472
75757
24506
80213
19533
72123
41565
22719
81581
60255
51706
52841
92997
41861
66843
49281
4975
8313
85243
1211
39886
21938
48026
45673
73934
76172
73311
39618
39053
97529
9788
98323
34667
78187
18776
46882
58845
57046
89237
99506
65299
99181
13750
2582
27816
58920
5115
51735
46891
50125
13038
20614
64734
88767
8250
19645
64239
17517
37472
36712
15134
69830
16771
98554
96248
81864
23151
31565
66679
14599
64630
93806
80607
5646
57599
96178
40613
30473
16902
30059
62571
16172
68864
71125
81548
17392
30427
34654
62584
33688
58559
16310
92873
20289
63272
64191
22530
20163
94883
92906
90033
24287
61544
68479
15360
49112
6611
64092
68954
5513
77077
10978
27882
21869
44093
46236
11877
75420
94490
89884
51453
80690
98262
67170
77860
81516
71146
28993
40366
94080
93671
13179
50231
52389
18526
32492
22673
14728
96575
71375
38237
99905
78528
22810
73230
35454
4081
99060
55166
16494
73208
5669
83718
93547
5363
76757
20205
30391
31483
31488
89405
98887
30977
26514
56308
6737
21308
47261
37422
86245
31281
2145
81317
7425
40846
58068
6317
17151
49979
83046
14631
47585
47137
42346
11638
81713
83802
28211
46666
11594
25797
90076
57341
75796
44348
72111
43381
16507
30251
58003
17755
53924
63086
69058
83136
35791
44015
61057
59894
83323
5552
17705
48141
21269
44553
44096
40869
49482
85742
22320
17779
86141
72218
3117
40170
88616
96722
72473
36039
36999
32784
50077
11585
47443
98476
47778
50354
67701
87106
40473
64515
95642
28996
79334
44095
53017
6400
7798
9463
41397
29637
24493
9985
4920
96681
74038
27444
25417
755
36620
36710
79427
20849
30341
48103
93814
28640
36453
5977
46868
71968
6997
46293
75239
49754
16735
22298
63481
76227
76870
91875
12662
43299
36736
22760
7226
29120
61425
12522
25185
68132
88319
39049
65701
93338
33490
54280
285
85030
40187
8985
89052
11918
35896
49649
41872
30331
91942
59846
45775
15131
60125
27964
24551
31963
94617
10746
44296
24658
54125
27828
29488
83884
19301
66312
8212
83539
53412
96365
62259
19930
80509
98960
18099
65433
54618
85070
78083
53112
45940
42002
57765
41699
75611
77001
64820
71354
89247
40874
27843
9801
71338
5101
59132
5703
67484
34737
14619
11573
99529
46399
96197
12022
29853
65719
26975
94844
55392
1862
18358
32180
89389
38073
39349
96948
19461
96668
93114
25753
14247
74501
3593
53625
87721
60652
15823
88264
20202
41921
17633
61839
78148
73709
97530
96953
71022
43938
63800
50023
32824
85905
63286
50127
18348
2292
54746
34269
59745
47066
11378
91064
37725
74532
49820
63972
83480
5615
8825
32533
42420
80201
29803
85453
98811
61418
23571
22901
81668
32785
42885
77077
46497
82401
18724
19875
54994
99695
59781
34364
55311
19716
59270
62880
99243
37553
880
8636
19472
81205
6624
60092
29958
75033
23300
27692
5636
47948
1424
31140
43760
40545
80764
52039
8566
43638
59949
71492
13350
57001
94169
45193
99636
91565
34568
29549
31795
50957
95746
61562
37299
18967
13585
12449
87720
48369
34702
80431
33671
93523
60894
61609
78059
54252
57233
39558
96356
1736
20829
64007
90003
38490
98797
46909
89674
3989
38582
90242
8778
75076
51544
74029
84410
26034
71611
75358
32909
7037
94781
59589
90238
71671
92398
83476
3591
34317
1383
76595
89961
66401
7971
22227
79828
46882
58018
41805
19704
66797
46562
98017
15963
50307
62089
70848
64193
95377
86808
28133
23252
56118
83287
7567
61282
85732
29874
50708
22116
34157
2637
81107
34841
47685
39892
98553
16712
49217
66926
69254
174
87236
3112
27887
48469
29242
21418
71550
11079
41064
81143
17966
10226
37330
8733
20695
42719
10360
58691
82631
27605
44822
46780
85747
29420
3735
11173
59797
39274
27733
23647
45647
1553
23991
42594
69888
32737
33800
72329
36578
90634
58510
69099
59243
17276
92402
13180
1663
96783
58025
48561
69504
40710
64628
77002
96546
37682
13545
81618
98999
81592
55744
46625
29341
23178
66194
34546
47141
73499
37349
79908
38478
24661
9730
59345
57862
43040
51454
2024
36974
33373
70521
11446
3080
68238
93781
79927
76615
26771
74718
90421
72241
88921
98522
16903
10591
87097
37425
54086
58923
25755
71841
30076
58094
41294
33598
81387
60545
89572
46377
98776
99378
16403
35464
84473
32175
87625
54011
96650
54825
29588
26210
95320
60466
58419
39172
45410
26502
56925
24717
77323
48729
91742
59940
53113
5752
50099
81096
37235
29158
15562
49211
24855
75316
95147
27804
37840
43232
56404
33195
58772
59509
32387
96092
36758
56294
4865
29513
65247
963
81684
32558
1771
97343
42910
72147
72201
67460
42169
75569
78057
40028
14564
35524
4367
17361
60587
76322
7725
65889
46681
54994
49439
77145
87376
74300
27045
75837
51390
65958
48973
9590
64653
61898
91755
40902
66890
8933
76954
76093
15224
97981
5845
8258
18212
72792
93893
21658
26762
