52314
39496
65866
31553
6324
87380
18100
45437
8272
72807
67007
36969
41372
20284
25024
29406
57683
91941
36733
29407
85143
15338
28039
75882
39241
37006
89821
26201
75946
70100
12030
4454
38298
5483
26530
26434
42847
59515
87349
59043
24161
38976
15594
68044
5664
13806
62889
57374
93344
1710
2018
5696
95172
85187
36356
61408
53559
1182
30695
66052
40810
66290
5247
37853
8190
26343
1879
62071
98130
48200
27057
2923
26035
3702
99501
73003
13263
30984
82220
70468
6071
96754
58370
21689
46674
24608
18313
47617
72013
99113
61255
5837
3467
3133
79030
47079
56422
96740
81874
64886
42495
79
46436
10244
59147
99663
14807
89121
61562
57843
50037
60220
89844
68571
58339
2670
80964
69073
21157
28946
29356
86689
41254
77020
72642
72880
96158
27527
69712
52297
9606
56706
7216
93778
97001
53926
17505
92316
14459
3793
16156
36247
42679
57161
70430
22323
66636
92815
91370
72812
70033
2137
1726
3410
49473
12795
69454
88516
67455
4264
12316
71254
5614
57989
72895
69696
50013
27993
35377
37808
38837
14004
5469
49934
29500
68419
3137
90995
96956
70920
24114
51089
57927
60085
10645
42798
26783
20058
34540
82290
47974
82130
36283
1130
17200
16047
82844
84787
98919
53922
3791
65885
71320
10807
40382
35549
81553
40317
95572
74555
73790
91117
4189
47494
60607
10682
52028
47802
44214
76384
60186
29252
58194
20828
16711
10383
92748
58265
81459
92348
86795
11985
12046
87803
18855
88790
58867
18682
5289
45967
55386
4113
19243
48603
86241
26225
76567
20670
50180
31212
96019
51994
47453
95792
30210
35031
11999
65068
81041
70330
77604
46800
58785
97603
14209
29239
17518
80551
95610
74903
1244
97874
63038
31087
64852
70356
30446
89376
91963
84485
36807
21068
17742
56731
88311
13167
78921
19473
49099
30500
55571
99445
32986
33479
39545
2689
20623
88199
63088
16171
76644
15794
47731
85527
69540
41355
88399
30864
3388
19218
70561
18105
55015
31069
29285
12034
72764
76044
98228
99050
33775
97914
63864
82560
75536
23414
35684
22001
14410
17928
66606
7688
38977
99988
9532
38001
19217
94420
75729
92843
3940
45488
68672
77901
88318
55986
2973
47906
20979
66030
82217
3915
85851
36122
1790
99590
37788
53119
63202
84482
92974
34824
34947
58567
75219
69201
71590
11555
97458
87571
7567
72962
14140
37670
75097
4479
14636
92071
56620
24890
40417
211
71359
69579
99470
68177
12883
51638
20257
29374
99937
9614
34506
51345
76382
98171
3213
9271
97698
2225
3472
45038
71334
32565
75075
22286
76070
91533
85305
82464
71597
81042
7960
4683
23696
62006
28344
73030
12655
64220
79819
59010
63003
88764
89486
33918
31149
41240
60662
36188
14196
83427
48040
32159
97964
93393
87755
25176
45194
79688
29079
87607
35898
3901
77043
13090
11032
27712
96012
12192
37914
15484
43087
3697
11229
91529
97189
85851
27014
72359
24763
7135
18653
68551
76269
94535
23719
78310
38992
38784
58389
75353
81130
80655
12206
27466
9777
90161
40130
68861
31088
81394
21082
89436
44794
59728
72608
97089
27191
55246
59842
55430
56827
56516
13568
98561
15347
22191
77006
77018
52283
14447
33826
94563
37058
67880
30959
54163
34083
80238
98897
43365
27521
87247
89505
54161
91170
62802
96729
50548
45866
67904
99162
68148
71916
57000
65057
54590
47296
38738
90194
36791
63685
79674
96877
31831
31892
34090
8417
1822
25820
80821
27578
89980
29845
48903
89778
65047
48319
17812
32227
44289
7896
85236
18732
61472
33469
5548
86542
95542
6727
15532
36429
78186
22697
80438
70048
53993
44093
13030
89729
75648
15914
41094
14947
78404
43437
24712
37054
93005
55602
53629
29219
24315
72773
87177
52107
44095
72928
34452
47449
20685
3592
10835
91453
35774
18135
48455
87926
19057
24558
82799
16997
65195
22483
85466
19502
84376
69763
63885
89366
77694
64013
2887
66746
21599
46302
80093
73206
91924
34373
47372
6892
57250
70940
33974
20417
23859
29013
93472
37118
20052
50628
86259
22348
66335
7973
62104
15650
89772
66642
83155
46940
5744
99557
6768
5216
8435
47108
29691
1875
82543
44146
80367
72370
73033
37670
34500
89702
27201
426
20553
21195
53870
5085
76440
45991
28235
61281
16469
64903
7701
33493
68435
76513
13976
51632
44788
63846
79781
98134
18931
34458
54693
5481
87931
83455
13984
26284
16352
3729
16738
44420
72362
50628
15121
80163
86957
79294
25329
4885
89850
12067
32608
21590
1478
60646
17627
86408
89583
23100
59608
43153
30933
99361
92743
18134
54032
20487
66813
75644
77014
66781
90313
65878
96451
57736
14977
6545
27417
32842
54288
26976
42898
6436
15365
69318
11538
72047
63573
85201
86689
52135
32249
88263
56893
37616
36159
23012
28143
38261
46583
88720
71675
69818
38388
13398
37541
36622
25018
7374
3828
29509
55993
38583
4168
47981
63377
62425
52031
72882
8549
7856
59335
61238
98746
68398
28986
8453
13983
71799
86278
24722
9309
5351
2393
2291
34778
55169
54812
8119
46083
77250
64012
22520
62512
55705
43643
58542
65669
19277
2195
39093
22373
81128
38222
79270
58196
38829
78282
19861
4299
21590
17028
84653
89557
99994
32250
88962
52362
79851
64183
9726
2116
86241
68013
38522
69066
6438
71280
78021
42994
1110
93748
9714
16172
12054
16310
56107
14101
91669
17651
84160
18711
54515
32596
48371
63038
4481
24515
51716
3816
22457
5603
10556
59014
8879
83508
45645
31008
63103
60538
85570
22923
47289
62549
61188
95597
26339
28606
90081
5715
97373
49678
98560
11813
22370
4832
5413
34208
55768
6804
96384
7327
15227
35330
51271
68474
78172
6216
46575
85792
99379
96916
45787
39947
35555
25260
6684
39055
31729
56943
80421
64392
71249
99572
50734
15662
16246
26268
63233
48868
68695
60240
24553
77321
63510
43222
9029
36843
