81053
5418
28481
4869
86692
39093
19466
49773
52577
44762
17926
37968
83656
25607
32816
36091
74155
81304
65636
81664
95134
11881
10745
83758
93970
25669
68293
53606
80227
38026
53244
25305
22435
57751
10629
76091
8546
71497
1953
58114
29175
53000
10572
9176
27210
43550
24923
18629
19975
72913
97616
86403
40833
15752
45713
28112
65997
7648
52903
47237
89267
76906
57842
16566
82500
83615
64553
85403
32880
95795
90620
56498
79354
73969
76747
57214
80119
80139
17367
63125
30602
74875
36082
19080
17132
17140
22035
42694
35327
35436
63717
88293
24206
96025
65246
95538
67115
54194
6814
46264
88810
37961
15777
5516
34350
80063
47806
28329
49968
83747
38485
72481
98628
80615
74994
69284
33773
14656
54704
69406
23545
65594
42999
98771
64775
6839
16128
30818
51131
78542
76570
5663
63019
44664
58181
4182
28191
94456
96284
15603
61503
43391
23920
20860
29817
86326
69635
50806
3821
56564
74444
68306
52344
48482
16042
66300
6741
68526
26869
70130
73009
89619
19276
81719
97514
97427
85850
5659
98582
33394
25840
52802
60643
59137
59688
25660
50235
89493
32802
51738
53913
67438
77022
45841
56908
83052
93606
50496
78419
70893
45136
24790
54448
55323
95370
26274
12378
51786
15881
57980
12781
73477
86197
33223
43473
37512
50244
44488
38376
12437
55998
9572
59515
99818
97569
8062
24290
96627
99360
14299
82170
42291
30440
79186
45021
14529
13966
12493
53524
1455
1265
69771
18477
43947
13081
53543
10256
11914
11550
97129
82294
50845
55619
11298
5177
10879
9892
38850
56787
49685
22324
80331
60908
82518
59707
25244
91794
38122
91545
47462
65450
67482
42708
974
19673
43968
93165
82663
44433
88023
89138
12521
61728
47307
44155
18498
69784
64082
50795
3138
60325
65650
94310
12238
89602
20736
57844
21908
33963
15030
35648
9788
88992
12408
25439
78568
77560
84918
54010
55559
16628
14211
1178
728
55235
89851
26370
17447
36810
55840
69393
75134
57833
85673
92364
21038
91783
98380
53303
79605
22479
63265
53563
12189
84079
79431
81037
37295
36401
57668
79008
92129
13654
76949
6547
49911
72317
35480
20502
94212
29577
67176
1427
91543
27624
48419
66206
96470
81045
77062
58649
69723
64676
65953
86024
89101
77485
56565
74237
85379
74405
24872
47319
41040
92512
21223
97892
48302
10550
58702
4450
34745
71501
40384
68584
29790
66773
94850
90673
63340
27548
71490
76128
59082
93904
32371
65895
9269
35584
65798
14754
95251
79607
38248
98816
48577
59399
95937
19696
31177
37714
25071
86967
49983
71351
80687
2809
11242
79498
98012
43161
62872
49526
7373
28229
69405
64154
83982
1864
13347
62104
77256
94095
19272
50751
80866
24026
52487
73710
24331
11349
52826
98919
89719
3852
25948
33504
82902
95626
29433
90536
17820
6062
59053
29788
4330
13256
61794
69689
65470
87137
76497
20882
48358
47378
30453
23165
34432
79070
831
77043
99386
75208
83528
48737
20892
39137
98840
93194
83093
72452
3283
83524
80843
94211
69978
57222
83805
85889
46199
89672
80777
33126
95984
83615
87982
40147
88180
19638
71573
25606
95831
47203
4233
69670
31526
8330
48483
71286
55139
76771
35238
91911
55324
64377
85088
7326
24205
93300
1973
62756
15895
57796
54133
28141
3776
2616
45619
80189
28936
26305
73124
95770
62714
77205
57568
27232
89993
47577
37573
44381
56700
86950
12886
70157
14921
49668
29788
7444
42097
63579
7652
52993
6951
56910
16100
21082
4139
8569
25540
54350
82023
93521
70411
82116
43565
79277
84060
97564
9011
92207
86958
64313
90850
13070
35817
30183
46494
80004
70182
21372
42168
74212
25212
13816
82703
38651
14596
30133
36237
33280
25950
90353
10285
61743
12535
52559
16170
13867
9758
15569
92540
55924
52691
19978
45489
66343
21702
76143
2743
58408
97308
68119
72439
53442
62488
31085
43228
68074
50940
76446
61730
57432
3152
43609
75833
12404
58663
90315
37865
43643
82508
94454
20392
97537
96614
29462
9186
40112
62764
92664
2869
13699
42779
11344
66777
18114
43686
24869
59816
93277
40882
42841
77369
83340
60705
9043
30764
43799
95304
58845
14387
12502
17356
43794
95204
3090
59894
11239
96275
95104
27439
69169
35795
88864
8576
36795
26246
65175
67295
80016
34445
40030
639
57494
52596
32705
63585
57901
32885
71958
78605
91794
93716
49568
66962
12599
14409
92990
61557
80358
96954
69680
87034
49183
88393
54446
21828
54749
25456
88179
89000
1716
84247
31409
57930
2624
92140
69365
77345
99571
86436
56529
1626
7934
84927
98199
17010
57382
67212
54136
22025
69636
52383
15095
67390
4661
98704
46917
14601
27455
43909
18790
29586
96071
50990
32420
88013
48193
23617
47053
32277
68399
7812
51652
86631
51101
2036
69994
6617
35224
56558
97049
11649
75848
54782
55748
25537
35294
34158
32058
28680
21578
22346
93289
7854
75655
35542
19628
74718
10589
10125
82147
12569
35506
16289
81844
2374
55144
32847
23788
73744
21838
46108
37997
24247
30921
72528
74435
51360
92836
94802
93339
45354
85633
44098
44073
98529
90088
57350
75790
96483
36325
87843
51427
70466
45602
49741
42873
6379
33861
32803
69667
25607
54639
32211
6131
75636
98123
251
22608
94257
30408
41521
45297
40205
52434
41428
16161
15168
81600
38908
9480
37389
10723
28629
14827
65433
78803
5366
27640
12228
95941
43827
97964
34085
811
40877
75606
27169
93256
33936
55623
14798
76827
49258
71914
62890
66533
26884
8702
18075
65592
15234
99718
23194
91611
27616
63191
28310
37452
5408
77054
81850
84906
38177
33263
56130
50370
49748
