46197
18787
81405
14836
16400
93424
92407
64316
1928
66920
34539
26126
34020
26422
42451
5747
84634
33675
76982
35782
50767
14580
8958
43384
88829
33188
55758
93319
85426
87812
6701
83404
32243
58367
31135
99670
32222
28759
49227
22240
1796
5837
59549
9780
49671
57330
59865
80296
6516
95186
67950
49106
51869
37865
47774
81037
34659
95382
73066
63190
12012
34291
15059
7070
37296
96276
24113
44431
12878
63686
85960
89894
85647
88063
72472
5203
4067
23616
74135
14923
74409
36599
96830
91457
50737
93654
29046
48448
68355
67472
37318
55947
83630
36468
27471
18166
14462
96699
17151
35222
85128
48860
1162
3923
66848
70960
55298
99529
71123
38158
16641
20302
96760
5241
98677
69756
53454
24344
48183
97714
84907
30796
27413
20569
92689
93312
9977
93615
18376
91302
11660
13870
76002
51647
38487
90493
39418
50102
23508
31734
79928
58309
41033
62281
18358
96439
32492
2948
2747
33626
51604
15817
47897
63548
38212
42301
76272
70974
59920
38995
81075
96519
18588
46771
91800
1539
4758
12267
60158
32812
97263
17731
0
87554
47552
65105
8709
83310
58659
3343
69493
44396
67299
84093
84125
26811
64225
80252
13897
16941
42765
4271
12882
55843
48368
18739
22103
60566
13026
40378
55778
36692
97598
470
51545
2175
32343
39636
75422
71539
41392
82970
69224
81665
60400
62714
3244
75592
8310
29986
50267
99201
53917
24510
28281
7102
25855
51855
68770
18698
50645
51399
55027
13162
67613
25034
40702
2905
61772
36577
2580
79171
76172
84922
3628
80471
13746
149
42382
94857
15357
11129
43024
70400
5533
85607
96801
74749
30267
49312
99944
14266
72330
49319
45823
95993
18663
38738
19804
91593
71744
24695
14123
41390
42192
39704
27056
18786
33447
67648
35778
60567
30984
79959
35506
57004
38342
15007
18889
87150
60130
64262
29059
79362
18230
12513
57380
74844
1553
16225
72631
72862
92016
94045
62226
40310
79794
46581
38023
75428
79455
18706
9403
25713
85228
67009
54497
73458
58461
97428
26793
18861
23215
93667
18839
10258
56989
65716
67336
93798
2723
9564
24661
80769
95518
84188
40680
59756
92916
79922
95715
12972
21127
73539
597
31351
1233
39661
32982
61347
99210
15582
10440
57922
51483
97146
10306
62808
53818
76994
33888
74893
65446
23351
78325
30468
72664
37419
23267
65051
76526
20556
61490
85657
17791
28559
2692
42637
28948
89744
57903
53556
7929
15902
68312
98137
41025
40820
76780
72865
63557
79720
52911
66661
36016
14800
73263
94865
30675
76987
27141
7800
69072
12109
65383
72300
24315
90842
34643
9861
3809
46135
42911
63430
57796
99258
83331
56359
17003
66162
2888
1686
48742
19544
40097
17661
34939
18847
71576
6283
17889
10317
1209
55678
29918
42363
97610
34203
21673
37603
35657
54487
30441
12353
26119
98934
84640
36687
23732
14777
23592
83843
88563
6348
22675
26365
38077
75015
53127
98245
68078
83119
73081
57236
39505
47210
41784
49592
25074
98066
72509
671
84823
80180
91340
29158
92858
1812
48760
10110
68944
88203
38922
92583
78049
35150
17485
11306
48553
7946
73086
18660
25556
81506
99779
3189
19574
71562
38193
53920
32865
63895
1705
75956
45737
8849
80571
62149
23431
11751
21742
78055
60472
16351
15016
22994
13910
48031
77198
88686
89424
56305
15112
48773
35016
71972
65579
77471
65847
73322
55907
13661
90765
37912
1947
57928
36137
41678
62456
14362
65865
55537
98273
66385
77769
81128
42737
6431
16024
61975
75804
22991
76920
4117
8476
85374
944
41102
26464
56442
38023
82286
12374
6672
44754
90466
64294
99083
22524
45161
55266
63864
33665
61216
32958
84015
39121
48917
41725
68838
85597
21425
60319
848
32727
78107
87622
3460
51555
18195
76116
91752
44444
68245
8163
36698
33513
38945
33740
94422
39801
62140
39915
26358
28571
97257
2139
63636
27525
37863
75341
49597
34161
93690
18858
28000
16116
71239
13355
31334
74051
26928
20238
63564
80479
20767
54409
64719
29926
55682
89783
90921
35891
47837
93646
42772
88309
36709
90707
27439
41565
10155
90607
45374
37580
89355
73694
51272
81074
91254
19031
50703
74870
62012
75868
58779
91899
53987
25256
65299
7587
869
51991
22002
41375
30891
48727
91865
59344
46361
3923
77839
71294
89316
83145
78969
15051
7696
99332
5552
58430
34198
81753
21774
64943
90856
95691
74253
63256
36385
35294
7934
32301
80465
10569
67007
64114
99393
76143
27816
94637
906
4231
13191
99109
2485
87125
93162
33114
7083
65568
85756
62986
82964
18557
33351
69950
80225
17363
45025
31265
45580
42005
63400
78589
29107
81923
35672
8884
11921
94280
42831
76398
22096
73076
68521
25635
47701
90199
69559
34650
396
5561
43807
25648
30823
7609
77937
65568
47899
37824
97537
23180
48106
73200
35098
71194
18019
89232
77599
21999
33572
2629
54732
63838
42906
97720
81244
20601
86194
73450
72443
92886
75433
8897
10603
50548
29963
34390
51826
37731
39338
12612
27857
20174
4204
79463
15404
51581
87925
68005
16726
60946
97006
40463
19561
65924
96694
83058
81887
98719
59662
76326
17621
90402
40319
39656
42992
97180
65017
62894
80205
67880
29337
80183
4903
45718
97605
11595
67016
69445
6954
96658
10804
89008
88469
70542
69173
39134
31357
88435
9813
20563
32563
86585
66269
23133
93918
79477
95744
87527
51608
31815
67250
43217
48687
11226
98662
78958
90314
23047
29301
99209
53557
52073
35866
94896
58840
87793
73839
10211
48496
89463
53942
18449
59397
55237
43783
29370
21242
95628
18525
38187
59876
75740
71223
91962
35839
82978
33418
93099
2396
97372
49646
81537
24411
90167
95702
37380
59656
53009
29838
23914
67575
64836
18475
47310
76990
36485
83624
43771
13863
34067
77866
17504
63018
71339
4570
43604
13558
78545
65971
18777
16763
659
39799
89828
67333
51459
56331
14912
4154
51538
72058
15776
15080
8148
13616
60583
21784
52664
96168
76356
15320
37514
4141
27699
10818
8560
59020
14155
90590
11212
88859
32442
8954
58976
57224
21728
39188
91634
5471
60260
53304
76972
11591
9852
38678
64706
71295
11077
72115
84187
62553
16519
91532
88514
63535
11994
28190
86815
55681
16408
88317
73765
58584
69739
1926
60812
11444
15627
88802
37113
37017
60137
26845
39844
98337
41482
46380
93351
85891
76864
15506
84481
53523
62027
26205
77503
55018
86747
38705
36176
20138
95183
92418
12803
48833
63880
45837
84521
95390
92170
64866
65616
60510
99824
39316
1313
8592
5035
70701
53273
79953
12146
40945
19933
73282
73025
41249
95877
32319
98574
13133
63565
82553
87588
29532
28059
28699
9031
22830
50758
41748
20755
48854
11730
35610
32807
61097
31860
57655
26669
57818
15824
94925
23142
56176
34829
28338
51041
42178
54056
50898
6484
42972
23944
2758
8272
68915
96711
65906
48684
76819
99924
4309
11039
12930
97477
31568
75400
4442
94977
37418
62086
81731
1340
6867
68966
29981
41296
21349
42988
88528
24554
39917
89005
38987
16509
20357
59673
49101
22704
55030
89042
68274
94607
64313
29444
2853
87876
11703
26376
34512
55860
78969
19278
83424
40951
67177
87501
59464
34243
69976
70171
89266
10039
99216
76313
54746
5879
29821
67281
29564
11061
70725
37391
54006
47024
61801
40657
45897
71514
42867
11596
5412
15101
40187
6292
35024
63406
68318
46284
62340
31304
50724
82286
23196
36406
21283
7362
35151
68289
80587
39884
67375
67206
45939
65485
91954
71460
51957
74137
83752
66109
29926
53638
21227
67374
18343
3973
28962
6878
34533
18380
94216
37775
67796
36431
84375
70841
38225
12010
89978
62778
2155
54827
18865
21272
75144
97923
70967
61710
86461
15617
30442
49079
75225
66426
22055
85134
87690
63726
92133
55793
37575
83265
90881
36564
46936
1101
52517
64884
93747
18151
92408
27389
54186
68261
66283
77425
42555
25527
65592
93525
19835
23610
55227
13107
63068
74856
95046
27304
62071
30267
25057
2635
37427
52703
35586
3121
54279
85200
88408
22501
40118
83846
2563
348
1600
50404
69457
88175
75352
43720
15857
52046
40789
70909
90520
46708
69185
59432
10430
72968
82508
89376
66036
34771
48023
21623
51333
45389
40198
92041
54316
93148
60146
54444
16046
66267
14673
45788
42456
53699
21903
15909
32058
84250
28571
11097
64794
39794
95206
25885
82561
80060
29804
40650
80318
46262
27972
44000
18157
68742
8151
98349
59397
89837
14154
44719
37468
27327
94134
58516
55247
46147
54991
61859
24543
76392
34312
70046
60493
14242
28136
99811
55946
69057
62140
95263
74254
74681
96283
33737
15414
65925
8531
58268
30110
32201
11946
45995
78989
99476
21265
62517
60356
58970
29
71075
58497
56443
87377
62420
96942
79461
24825
46295
16281
31673
77672
98712
34463
62933
73082
90536
89066
31996
57511
32362
5622
14563
9785
58275
83852
33615
32996
36796
44531
81228
88289
41181
33727
21535
26709
33185
38256
12956
21442
14540
26488
64546
2129
78575
91985
46065
45340
50785
43963
4269
80892
41622
58224
99004
32365
47371
74917
61791
22005
25694
5398
96910
35122
41295
89449
90399
57179
24107
26251
65895
67946
7499
87750
27932
1412
17265
11446
63085
57595
63431
61131
27255
82953
46466
38737
33424
19780
27031
28198
68391
61813
24134
53122
9250
43180
415
34071
80810
30936
