63821
31981
44523
86937
94615
10134
38938
32573
33582
75294
69641
89461
30517
34765
40986
36992
39257
56079
72620
60991
6707
1350
68393
80981
34844
32545
84767
11357
42578
30696
48683
49559
57564
60452
4654
61741
49440
2872
28774
67026
75395
73994
33329
5099
46607
44463
99895
8737
39789
76392
21073
92803
71934
97610
1421
14282
28338
40612
66693
54160
84051
83744
57131
21238
87150
45578
35374
80425
78574
99883
22413
63620
7707
98285
86112
29977
65550
10405
45924
4181
97964
17198
24741
36277
80404
22170
74235
94691
32458
77321
23559
25253
25654
55886
52954
83346
91200
42339
73586
73766
65663
51625
2859
13435
22097
34217
60456
65776
21681
71348
74561
82428
86691
15640
79966
27865
39462
86365
10193
55593
73961
85700
34294
50754
26706
62590
65655
53317
91974
14208
74902
28450
82598
81510
71935
56245
72127
65024
83143
71667
66707
59729
39004
97391
45774
83805
4582
77163
79514
55004
30815
35360
77970
50541
78051
59632
51834
71646
64922
27820
68132
22299
25456
77787
65394
3188
15222
49361
52355
16533
93339
11286
51834
75199
21348
22892
67167
10379
62227
70131
42403
76149
33228
58705
59476
56310
64777
43184
65605
89201
44311
20352
52484
39538
78723
17441
15068
62830
92000
61481
2331
27575
85661
24708
34899
83161
28785
2756
5224
87316
11667
97315
94792
35905
92603
43023
39840
70055
90776
39505
