17154
58936
1856
67896
30067
11918
30019
85067
85604
59465
67021
16808
67710
16683
76732
1579
73866
58047
59695
63234
18672
49927
30080
64498
61826
77698
3698
34448
70188
5800
54868
83389
76835
47428
79708
45939
31399
62097
11341
73729
45396
43907
68537
32775
23907
11114
83471
47439
40654
58484
46565
72817
57391
87915
26788
70447
10465
89932
74337
8439
87562
8920
89254
6453
95794
88342
44354
98360
78710
58685
83716
91018
74226
517
79057
56272
18109
87772
15434
5114
88339
92288
95035
57860
54553
9600
93216
42296
43717
48130
74464
22900
58289
9174
77665
88616
86360
73463
9789
4031
24595
1565
45058
59432
94266
50046
12677
38878
68299
3050
70369
62245
42933
19832
3248
47148
81475
2795
57962
79710
29578
97697
20596
79337
51600
47966
73450
91962
65794
38414
20629
48705
62432
80174
55261
82391
73462
8283
52226
3143
24868
86124
9401
96011
43635
36781
27747
18583
10068
50382
15953
44573
43198
48655
28890
20584
82080
23125
804
77538
79043
1817
13928
65740
52263
40788
51143
63077
54544
81459
17332
39556
2748
62486
78217
48225
78079
25753
57801
52411
51223
10103
55882
92331
8385
83550
95710
40279
54290
24939
88456
92945
46494
29453
5994
1824
71673
78809
86386
48286
9024
86663
57485
28521
38538
2480
53261
25427
42592
32981
14713
9439
18188
19341
12655
28340
64110
90364
3192
17336
32397
97193
28360
84941
36728
23423
4208
7692
91666
56047
96478
97276
16206
97250
70110
87329
72633
94836
12922
23992
27448
69975
76141
34262
14943
24906
44828
89220
56006
20427
49813
75418
34808
23198
59393
37037
64274
36306
43835
53853
77546
43010
88653
75612
67182
13248
43626
42131
56355
45210
33732
80215
27119
40175
25416
83484
49587
37820
37050
49195
52878
71321
5955
67406
53792
36834
76036
32093
12360
10322
49847
71310
14797
86181
56836
74016
93842
56774
25520
24910
84079
99712
11550
45422
75531
90620
25853
78941
72707
13104
27505
51445
88203
94796
94473
84877
113
58579
62075
39918
80674
41492
23735
17287
59959
313
21579
52212
22879
92438
15407
95455
50365
93446
7758
86055
6318
88600
20072
85921
40765
54561
60350
64453
26636
29679
96259
92574
72657
56545
49285
29867
58109
68794
55324
65946
16508
85706
95008
7777
54785
72759
83099
88330
32084
24043
20451
8778
38073
23324
54312
16391
4474
44561
63164
63350
55513
59782
80812
87879
53065
32517
1128
8437
20523
88328
59597
24113
35737
70497
70761
69986
67864
8572
11672
84853
95550
50199
80627
10573
84607
32574
27748
57219
22176
98828
49379
36267
1354
96813
61802
85286
25355
32985
21439
81867
53492
92475
38502
72001
42633
77944
38929
18662
47230
64437
65531
10061
28646
15207
73381
53836
90198
54367
66809
23392
98220
46225
45733
15679
71369
88289
77636
25870
20556
85178
88121
43734
62
34053
67775
28930
86755
18709
26001
28020
38814
79053
83478
54689
97954
95493
84097
66474
89850
3616
24491
36245
46346
33536
44699
34756
19959
50442
97027
11768
86337
58103
11832
87553
33505
15486
8753
44053
18114
8147
59801
35519
28365
10663
96778
22140
30884
74151
69634
67006
94541
73790
4676
26678
78057
55256
81938
8708
40224
26132
49558
65643
81633
48576
19684
44370
55071
2953
45193
12076
88054
8587
59433
35707
45458
7469
72223
458
22805
39480
54523
14659
1481
63574
11450
63384
16005
8373
38732
41131
80463
67753
81248
15162
96274
92262
63925
45365
16742
65559
45087
13981
75126
96621
50220
99070
92493
3041
80202
59299
69169
8518
52158
84464
29364
28529
23414
6067
32364
72151
69430
55361
85680
45152
35121
2464
95619
99705
55639
9446
68988
39486
47476
82751
35972
55387
3645
15876
98703
36724
87765
71906
22644
75574
10982
67355
78624
57751
93005
83667
12211
12923
53887
50816
64087
78528
56770
18640
90178
17366
23431
55849
33520
17160
74270
94090
81201
91854
2297
65029
99156
99052
76690
62082
75241
85770
85687
95269
16686
75534
70811
97583
41906
13868
74907
84344
78610
96351
24926
63197
30245
13658
97123
41733
1043
61407
67066
82147
76267
79108
29806
7912
38759
2157
86551
76160
65445
33570
33396
91239
88224
68027
54888
49894
22470
29799
20685
76574
63388
18266
7022
28538
25527
89980
16441
24782
54009
44615
48958
80236
67353
23637
85788
7236
1263
75178
82782
79979
10341
86317
34862
44495
50409
34896
65076
96584
7963
66950
12244
43262
65283
63009
39758
9429
89771
16756
64710
50796
14375
12893
11358
86565
32243
57616
25789
70887
63265
84672
49743
80852
62746
32771
40656
10560
33169
65985
42312
25761
68866
87758
55883
51637
10379
81312
34672
37476
10393
94463
27546
66296
16353
75233
25812
54951
56206
56192
26218
20774
73214
80024
8790
74544
93333
56639
42358
36350
24438
42973
72954
60883
80455
40651
20613
1750
95490
13816
8704
40595
43110
39672
76542
56117
4163
17669
80815
10548
32873
79769
74298
86679
55412
63858
61338
17242
97768
35114
68752
10269
80415
66037
38091
88981
36185
14832
40600
32823
4660
73980
39762
27485
31564
96083
77967
6005
54794
42435
43630
90568
90115
41294
83002
25099
39022
87446
56929
22525
28829
62410
7010
37308
60813
5512
87861
13877
86064
20063
42609
54595
50670
55991
47288
97102
51956
70556
26449
90220
25747
32131
47102
10001
40925
98543
30995
63101
12069
71120
86298
83343
53544
98294
48893
39141
89114
78549
40769
34414
38
91452
98442
3668
41539
67676
97826
73131
82670
94152
3675
84128
27800
38875
1473
52345
59292
71402
27575
67163
444
49677
99440
18984
35313
41626
61934
79226
37826
50778
8002
47670
56363
19238
2380
24859
72031
88410
35588
63457
98907
8160
62076
1801
22754
98472
31202
85319
81087
84156
2617
37026
71908
42798
48674
47049
41043
28888
85635
12899
38733
62965
42744
77190
54989
3574
73625
77546
40158
52027
38018
44640
92309
75142
33520
58614
46190
69567
36781
1593
29934
32775
21513
24540
65099
50448
56713
80426
73270
57727
52655
62475
18153
82674
14498
26198
55936
34315
83744
67012
88682
54731
96364
71387
15590
14961
63007
58845
55224
97809
81549
84507
68094
77195
25111
77510
43530
73296
9728
49259
27294
35483
35005
17342
57186
80930
8393
55832
42677
95800
9104
797
71619
88004
21237
11024
52168
65819
67354
8269
1257
5010
3510
98797
72343
58606
94661
8547
74598
58117
75414
47923
73305
52726
15233
59062
76974
33873
49512
88355
10510
96642
8320
70046
45748
96518
73183
2970
10788
70290
18891
51758
27733
3304
52148
6313
34850
41736
41753
88916
33587
68206
46061
6997
63513
81796
82624
11468
48953
49421
52197
35385
79943
24508
24693
55852
87109
61045
18249
43206
45155
86359
54153
35878
92892
34311
50246
6746
89056
82140
23257
67377
32669
78790
6612
90237
64275
330
54385
15758
30103
18934
94373
51115
35071
25907
13652
60609
32507
6367
8545
93754
98562
23454
7568
96488
17523
33293
80701
3346
60553
18477
81272
14043
74911
97432
27737
16546
13226
39805
21838
30599
23209
93867
16863
10537
86955
10973
95194
64355
46021
34185
87817
17144
73519
3481
70150
71334
57715
18315
98339
93651
42965
89803
8057
89217
33277
9450
83898
6950
1407
59066
21612
57219
62107
87436
47702
12662
61999
83255
31330
6125
10504
81030
22007
35888
26379
46861
73192
37651
2618
4407
66734
85204
98824
77854
35980
37249
54635
48317
96410
56566
80394
42869
31834
89507
21946
1275
51455
8746
15332
94495
28521
90293
44086
1174
54823
16955
86973
83564
96953
74759
97192
42723
20022
36278
85448
74328
52458
5375
88756
91080
1516
31581
94428
25409
93322
89112
54436
77097
3534
55511
69184
24420
65122
17922
41682
74540
88306
81240
3234
89146
4355
51658
89960
84700
49719
21598
5826
73174
39894
87574
42323
78765
43444
91220
37541
38857
55774
85539
48103
73354
89514
93366
76268
85521
43823
43114
41492
39610
88392
38042
10826
45781
99670
39631
5765
71222
16538
23066
84488
87875
40626
93407
57929
61788
92484
34720
35688
86901
48959
1245
13545
66900
29449
49634
8157
52846
69091
54354
16507
51338
15486
44530
27777
28298
12216
49836
43524
46775
87202
45478
68394
93734
46861
41869
18088
70368
88044
73302
53874
43270
78913
1740
93684
79645
27187
66770
68662
18775
49611
80860
91012
64058
80020
90221
74102
15216
5041
95909
98977
98610
96265
57256
52802
95159
15621
80238
74233
9933
6723
27146
28285
75282
49124
70683
99021
30221
44690
55586
32212
72813
25728
23929
82090
39396
23026
6448
16438
24780
8622
81557
12449
20904
32925
56159
32158
17949
8682
27917
724
81532
55376
47359
23413
92367
6729
9980
67889
10639
1346
73475
7235
6375
21885
13287
66128
79177
21696
839
37668
75993
79553
13158
41595
3917
52841
60015
75964
26577
57519
45290
73848
27248
89178
62955
14190
19612
13701
64881
51707
87951
98292
27630
24532
42564
24070
88432
70316
83341
19958
16783
31552
74657
84237
37360
59161
48157
14953
22441
29668
66477
53241
27562
75826
601
54694
52819
93113
96290
43045
74079
25235
30907
67721
3269
50662
90966
82253
4989
89156
32846
84030
17907
22357
24402
7575
3673
75735
3535
43291
73563
40531
31329
61539
23609
23818
61966
57944
42686
2374
99397
99984
44806
21826
61621
47207
16858
26315
27426
37830
66050
25963
97583
82998
97547
9483
62724
86662
52076
87500
33529
13799
85741
8518
55344
62625
79829
23920
98979
57468
27111
90990
92188
68155
52932
93683
32223
79017
94334
29695
98841
76061
78527
59372
69286
94374
13220
37095
22020
69474
25606
48989
4340
66147
64292
62168
30547
16170
8984
50177
71947
82393
16443
96930
97713
80798
68061
97109
26528
34428
74323
64896
52938
3518
34498
34835
19439
34668
46099
88749
15624
98564
7958
70841
99058
40549
63213
59475
49067
51251
84053
48582
84261
75503
8796
54245
97346
16949
3632
2764
86690
63044
36372
75285
93066
50518
17553
81135
82189
14952
85483
7023
48840
19747
86087
42549
56816
39578
25899
13771
70416
81291
57077
66077
77801
61298
87023
25198
54331
22629
92012
30916
64862
67114
54159
81876
57976
98571
34145
51880
62256
21424
38272
38147
54979
15799
37800
80222
36956
14984
50874
44599
13781
43995
3005
4566
53352
39068
40688
57391
62305
57039
84597
11700
99862
843
73729
46711
26607
32818
69933
92014
67841
20980
63438
1628
56393
65143
44355
99332
8183
79512
82505
53596
75302
66299
88545
99908
16011
956
13038
65895
18844
63746
76909
70365
18826
94715
16707
61242
47875
19473
71134
29318
68538
91776
31497
84881
50511
25540
28062
12470
62732
43711
26730
25371
70363
54309
66011
25931
45597
75022
72979
40376
23989
66881
58694
37534
63874
4806
8524
59705
95453
8266
50871
90914
78244
78795
8985
62860
20875
42786
14878
52102
55522
77762
91781
53381
874
8237
92169
23426
92062
93315
12044
77231
3789
92325
89018
84454
43766
87099
31640
57499
47559
59882
20515
