93675
92531
20173
92183
42927
25607
54672
12414
90374
54285
50660
2297
66579
79856
70749
69900
69100
26886
43968
61256
53799
42452
44681
41035
22944
60115
1796
9097
75176
30933
62374
78735
32508
34057
60385
91694
87728
92857
96171
47513
21963
38992
15060
80301
26593
86506
84626
24743
26330
757
9243
74949
40981
72878
87872
54716
42279
39469
16427
85814
59124
19355
59595
62119
59682
74483
68657
11721
92008
40432
1635
56588
96209
13492
10001
59911
10642
25912
92219
84977
82219
88662
78553
76210
56641
31944
3857
12969
68214
27672
45473
79756
70871
35297
51902
42689
52130
72573
64571
21398
49941
76272
39797
97943
48714
84341
10973
9938
65297
40622
92026
33734
48276
96022
12360
75337
4682
55891
90779
51694
37050
2361
1311
63023
20731
2554
57351
28065
76468
98792
42263
78462
96473
65340
44290
85882
63576
7705
11603
26112
62494
75152
29306
67989
19884
54852
34398
11909
25530
16942
26964
92532
80901
83803
6299
3430
93263
3965
59169
97568
83629
21336
54116
66859
5076
43781
50461
6438
74270
31649
13590
24919
3539
46397
39142
70529
83431
22288
27869
4887
6391
49954
20235
71086
41076
89681
95216
70851
63773
64334
61313
86695
28487
17168
19450
59338
10500
58082
57191
58091
89528
63420
41653
62458
48114
39042
14510
6927
48438
4130
56636
27708
16500
4085
82232
90145
6451
14879
42703
68570
39818
58329
69044
96587
14492
8057
58214
5049
56531
29233
13706
17491
44221
61735
83466
78283
68279
25970
99346
47511
4686
3373
11407
8383
67380
19449
27726
97902
76855
36267
15706
89625
27712
43400
94488
28505
63290
21609
49678
42140
68740
41889
31399
30184
75230
54063
54605
64253
27474
13674
6608
14345
4348
93743
80936
54598
98092
28779
98934
91185
51446
42485
50914
98157
24025
17687
87205
43304
9361
77302
16124
35357
52242
58526
20645
26331
22332
78912
88486
58380
84528
12666
61347
53191
69114
18231
48206
3808
85491
84086
14841
43670
42089
88731
57205
35758
32092
2927
89754
45902
19641
97526
31536
38638
14446
58605
52613
61433
54076
53113
51306
63673
22658
32889
68774
30491
22327
12632
11625
98335
79478
8320
45508
59112
11735
76542
43083
52820
3517
52369
18260
94755
38157
43612
55293
82715
12810
2729
46090
82052
18661
64109
81989
91992
3477
4125
7321
55334
46102
54075
31217
85467
63256
72028
11398
49562
37804
58583
69124
64880
4670
83681
67981
36328
55649
76872
90862
87708
27594
21806
79291
16536
19819
87233
57121
32889
45994
21405
46713
26430
63463
34560
99813
42558
38584
95018
7684
38594
556
68430
25413
33969
8200
36861
43874
64570
4205
44630
69486
725
