1154
42163
65811
49302
81080
68884
67898
12030
34141
69965
80842
98664
12625
35426
50309
81938
60077
12043
1752
88992
80711
63521
12171
16918
73231
72430
3710
23435
99790
80949
29460
78832
42163
58924
79794
95891
56682
82416
23537
38174
77091
3640
12495
43882
30182
94082
20103
92455
22940
46605
55383
84102
31877
29445
91952
98704
75355
95289
78444
49783
77909
61988
51532
51729
41920
97957
55621
74008
26482
64964
84333
64773
95881
93738
98056
88126
40855
93721
39120
34212
94611
27298
61564
29391
62599
10946
16017
94932
60092
41015
81837
76986
4875
80236
18474
98029
43686
82532
15917
60556
509
78368
60115
67464
22451
90596
93433
10405
64618
1670
42491
17328
99276
47060
6122
43479
56565
66880
44758
36342
4090
7944
89165
4298
50995
31885
91288
71245
18419
51449
72827
4960
52734
86727
88231
65705
70563
5810
7945
33367
15294
90276
45042
36391
73636
44876
93755
23805
47777
52945
21997
92852
3758
64313
61589
9035
19923
90852
69703
32846
40656
76325
92957
98011
70
1815
51618
69746
17932
85768
75517
48394
85807
38568
65609
73681
55280
35564
25464
27974
