26693
42232
9247
79964
89583
46293
11844
50556
42916
18271
57226
11228
53841
36579
26546
12892
97580
86151
27316
138
84895
18210
94674
50902
97937
63661
2791
58399
53264
42053
73621
5119
29649
37071
65571
46774
95273
41616
48235
45245
44008
10829
20981
63930
3696
99759
12957
66301
10697
3888
10021
39061
54444
65366
90098
94998
83340
55555
12656
97410
29055
95351
269
87956
50128
28772
70638
92839
17760
22422
25983
28407
66766
23693
83388
26592
12888
73955
34441
53045
94021
39467
55446
96380
27367
92402
50519
65643
87130
47107
99001
44938
98106
32603
95976
19078
9335
61347
20021
2191
59002
36397
35892
72424
66813
24363
41506
40172
93356
9934
98350
54733
87258
39256
42363
84829
445
54056
58391
92148
89399
16194
15433
53860
36040
23162
2241
80004
15695
19092
73177
14730
11604
12932
12836
6535
25490
25727
54543
81990
61970
2304
42660
59851
70896
39176
11527
98059
16236
99
64903
74797
2649
13475
78937
66588
31664
71679
18968
1372
78229
81374
55892
32571
75325
46031
91333
1310
69491
97098
52553
28326
63286
28671
97785
4492
92086
31989
80613
29488
92078
70748
58041
81814
3919
85927
91058
90168
22223
69757
78785
16161
44937
2420
87720
51396
98583
2227
86106
78120
15486
251
70124
42016
17302
13800
73391
38077
15521
59581
84163
16148
74093
17076
55657
71338
91917
25379
84100
96378
53653
72613
46354
37914
66176
16096
34424
16797
44957
53485
97651
43614
39754
50453
5072
85052
92207
18778
70220
14077
99315
30246
38525
7530
16192
46422
23534
38394
69150
42045
92313
46824
65837
741
42694
63960
83037
65696
85421
5626
84692
35118
42803
49188
72808
2502
2129
56180
2139
55167
16895
5734
95883
60975
31792
59432
84079
92799
18451
86867
49047
63065
48086
43038
2856
66566
94494
3636
40726
58729
56219
32343
11200
28694
10304
75460
19027
61759
61639
53494
29938
24173
31748
46787
77815
44738
38749
52812
84254
12307
56252
26475
88094
56034
3139
1578
48246
26110
8428
31513
26942
46699
15860
80362
82568
69948
41368
41739
1285
20187
73245
62037
74898
80799
9628
97193
88764
42771
60807
37628
18015
3542
4914
94741
42960
77540
74713
54123
85250
55650
70476
65614
35256
29892
39363
58399
88062
81690
35247
40504
30579
17385
74584
66399
25523
23009
33723
33849
19313
1858
90951
1691
60468
53007
2607
3964
52625
46699
16761
72569
82071
53377
70236
70641
53488
87164
85164
81822
39624
31717
79800
96870
657
26620
34975
88311
57281
5888
12371
66315
7866
96621
3679
64511
64524
5520
767
13194
45513
43691
16143
19134
2128
66058
50243
86194
77091
30724
97557
78994
88386
15722
7054
53065
7647
65867
64114
49247
55357
80798
40883
77538
66518
96801
69941
96145
89908
59628
32159
25206
71615
33293
13812
21447
39311
40694
80285
79996
47524
85917
34136
22626
66166
65205
73779
77901
94689
33840
45761
58018
62405
59546
88352
89574
31938
59547
97085
61043
57158
88011
3944
8467
59624
13415
51010
72650
78231
1184
56718
26116
15634
96014
18236
86122
51976
80383
67044
1246
21558
71029
96437
23372
51308
3537
9476
54309
41247
46695
93796
86898
26634
82899
15745
44114
99059
88636
40457
56498
79476
49980
26783
8190
30037
51992
16377
24924
63524
88099
34792
73500
59301
45736
49110
91592
22924
37936
81370
69183
32897
67062
60035
58492
2520
26478
2714
97927
47397
68740
62544
97449
89865
94752
37925
47642
50492
47324
40699
82866
73719
24735
41403
50063
9857
65109
61889
9090
28845
90831
65384
17914
72549
43723
1986
36544
61826
86301
3600
17295
62200
92248
86522
35771
77702
44
12104
56913
86282
57761
76411
23517
52175
44119
48260
810
50694
11176
51717
10010
19152
57390
93922
36218
3955
6299
71991
1560
8394
35699
53813
53197
58247
74955
16696
27632
93030
63938
45117
17677
59594
46117
34229
86528
31712
50436
19315
44564
4431
1885
53059
28822
15163
89023
82253
2534
24832
8244
33498
22676
51901
99190
3489
7169
89657
83466
63615
70202
52885
19712
30913
84067
93898
92055
27814
68984
99864
56139
51657
8568
33473
77131
1595
37919
7193
7539
65330
53744
87745
69129
50997
51509
11864
22889
60562
3279
57024
33730
40263
51749
51547
62499
10904
10896
27323
46876
76222
31746
15383
64859
31080
12959
59635
9798
42912
10219
77304
44311
59609
25899
25985
41927
4964
41005
46642
69921
58824
85100
39543
14575
83252
26738
95799
950
48291
6882
51041
13295
31334
30806
49739
79316
12643
80237
8772
41794
66194
6757
47062
4434
49861
19939
4446
5296
31802
89285
7443
40827
50997
37679
52140
36243
99013
15927
65178
33892
27371
12869
72639
50235
30310
73626
53625
34225
26243
69744
80413
45081
62915
89289
50288
55883
991
92417
95507
80867
88782
8493
17324
18976
26795
34517
27599
3928
34985
31466
97228
51990
77861
5048
4504
2609
73018
492
48463
54213
7181
37128
42381
7715
10529
57882
30812
43675
94854
71221
79906
75531
43985
18642
75198
40977
55992
9533
23692
16306
75809
26991
97755
64404
24209
23185
77201
56103
24487
90861
42909
36722
51721
18823
50429
44879
81163
13520
65232
29032
92072
96296
72626
48717
91243
66468
84836
92086
56490
54042
55310
89076
64520
72730
76083
50455
59913
23837
77847
16964
42338
94704
74352
59925
97668
41521
92867
34918
75306
45694
10659
53534
18848
85368
73769
4685
90080
69268
8873
26618
87383
38729
51588
3489
48736
55590
5304
36277
46837
58580
13496
16784
29234
88861
75420
15632
29923
56639
60189
80377
80503
45006
77479
28287
78785
24669
44433
9807
30656
83757
47809
13357
67025
60614
38037
79889
51851
4265
7533
96484
39526
77228
99516
42287
10315
58382
65488
67204
11058
99799
39704
94030
55045
40762
27104
48079
89702
84651
7597
34853
23703
99910
44016
5966
16096
15035
43671
76244
69225
39324
64167
80827
34527
56057
72964
90109
35643
2877
67176
32457
36878
75293
35165
9923
36659
63573
94724
30539
45449
60721
73996
22275
15473
59810
10738
38397
25666
92613
33138
11684
89378
48316
51130
65856
44698
51030
30971
46591
7642
67867
47854
91581
16987
65564
11395
19404
76204
32948
37063
80300
2724
38952
93000
78494
27675
1498
86100
45301
50267
1225
63847
15032
40177
85865
99133
31578
98531
76016
94117
92556
33542
1124
86152
20042
80358
65672
63920
32158
96358
69899
5132
78160
92892
86814
28495
91186
22415
27820
12108
7438
25954
12984
68096
98346
60034
98766
78927
63118
64465
6014
94812
33101
2814
34028
63454
46496
5897
42769
13595
62244
75310
34532
41987
95237
58795
68891
59757
71562
92144
273
38655
22088
13374
36201
60204
55447
94090
76087
11557
77380
204
5375
90673
52376
89621
87906
80409
35701
78008
20572
26236
39132
55453
88647
5474
32134
16577
87609
7339
21661
74593
57854
52523
98461
65832
12366
68639
85459
15412
24260
3614
74706
27033
81029
2903
93377
80249
5387
98435
96420
67162
88837
57243
43734
77075
83336
15991
83098
42492
48954
83942
26628
92718
60907
31387
78107
22356
38117
93145
41341
71182
67187
7490
15537
29131
60699
79673
62722
25557
6744
6219
14342
35463
37827
21236
69439
37049
71583
29240
25179
84727
53195
70299
72002
19638
59973
22822
80325
25766
12213
86872
3425
53888
71329
6632
22072
77895
96133
84497
60442
18414
71245
11222
9981
67213
17791
86679
8155
72528
45854
33977
32391
215
10612
16049
86003
68582
89634
48304
72575
65739
7509
63506
77948
97518
95811
25798
4930
81250
91320
9612
34766
96140
43498
56184
21593
24480
23430
95511
61336
69630
704
74773
14872
16452
82211
65624
6815
7824
87362
32214
65887
46876
67923
29396
20592
98747
67516
66308
14809
57965
55716
14359
61903
67949
64803
60630
13085
27664
3376
7774
76020
97138
20369
99760
83044
18312
45453
9118
74870
628
37368
55844
35272
81766
30416
40685
85012
63133
81182
66296
19146
36976
82466
88560
50832
67392
29494
87370
6925
61061
94659
71243
5867
65181
91364
33391
36775
59868
84972
58174
50136
70191
39449
36397
65130
9055
71959
85436
96379
76305
24502
85970
3777
81695
51626
