91356
37232
65572
49150
36396
58756
23202
39729
68601
58834
93152
34947
99817
92719
74792
673
21463
98884
30848
31856
31953
39851
2468
47974
29380
62006
41878
7640
48771
73779
79136
68336
79615
8059
72362
22832
33786
4338
51880
2517
46604
18854
57856
49703
84513
46851
88304
25895
1678
20105
19744
41086
34786
24975
36341
60338
50438
71503
4983
68205
62740
32469
63577
49024
20032
62791
47738
71640
19205
4312
67069
50842
43605
78760
56413
94582
36284
72536
69716
36024
14192
21020
54590
92495
872
7168
44151
89639
5318
99468
29402
38358
2897
67686
30214
54602
80559
31322
65842
67597
93037
15363
36988
70827
39356
10624
70539
31870
9673
61899
45436
92168
71314
36100
13505
55828
59868
54730
52639
87796
16280
10262
41370
16013
64107
24396
23658
59643
52454
47650
40630
86007
99585
44382
42043
32552
59788
55102
54409
17003
1802
78787
74985
98791
30968
71940
81266
47910
9229
18250
94145
23546
27208
82968
9547
64153
60812
29492
18168
43059
