84196
56959
64069
50386
89309
64410
32603
53811
40951
57256
99164
30352
75618
23398
84924
75935
29166
26450
29374
37840
72527
43242
44040
37659
10081
7315
53767
69069
51081
18533
19990
79001
64594
39159
17059
40144
6675
60160
37475
75118
64792
87964
34805
98248
99055
71570
74082
99542
72342
62617
48654
7314
52172
76941
39721
30812
36013
5121
40228
2293
98680
1657
38302
9173
85587
67680
57093
31188
78830
30468
77649
74969
44429
14540
29379
28965
28535
93743
18691
45368
7987
11490
80539
92502
16364
57189
79922
11067
60471
90904
60767
50714
14231
15431
38163
59612
26996
5208
56604
48978
11554
14856
91630
56982
83441
6687
55227
92027
7634
56090
76328
44061
71303
16497
66954
14426
42038
51518
51797
29663
89787
70782
34474
72789
47732
38232
97201
86722
62431
56793
82310
78868
36751
71785
83800
83317
506
76889
85048
17662
53147
51164
14809
5148
10465
3319
57831
19674
53005
50355
48660
51115
17705
11672
97645
81478
96277
56895
46685
8646
3919
5882
28901
53710
60203
42810
11234
40402
80282
72688
31844
40649
9090
18314
5250
39006
43756
28427
57292
80508
80205
43676
69298
31439
88766
46067
56223
591
70555
99632
77094
39740
71531
75355
77731
66446
34322
41745
95514
29649
49285
93974
13862
69164
25708
89091
40136
3840
41692
52615
94845
19952
46962
22671
42293
21378
86683
1825
63241
46133
86363
93936
68686
50048
88010
13555
80509
7710
55906
68820
59547
83182
76769
35272
44530
78631
63471
57659
76388
77649
34153
39540
21575
61896
79236
6401
75333
94619
47718
56956
21262
32655
81103
49495
47062
49770
98404
5334
67993
28422
88892
49843
89382
4559
602
53022
47405
30565
22087
76205
3429
55203
42512
79252
31332
6193
40879
93459
29529
1017
99067
19403
9820
4601
55285
66099
63732
98738
14691
8076
83678
27389
12109
358
21024
34490
78150
57867
96110
16423
94501
75350
36248
70015
36760
36732
6929
28753
93887
38632
18737
44821
22234
31830
37863
92654
39038
66553
1684
40888
85411
12740
42487
63901
92034
14807
52254
41567
62150
31938
79279
26451
45897
9561
33470
41312
17640
25425
91327
6644
83655
54558
33866
87895
41411
1407
21195
95084
83607
54585
5945
63734
90292
29894
14468
95328
80545
80690
79443
37981
1594
71139
90494
43532
17707
27555
40422
46010
23773
5779
83829
68189
49232
38388
92202
77938
36858
54593
84913
84098
77860
97756
39155
82835
59881
747
33479
39720
37672
17726
59368
20246
67605
52432
43230
62034
56612
67716
57195
15684
63789
8775
61273
68062
58571
23446
11719
1710
83280
16924
90853
37185
89791
35373
62128
51275
20171
33188
30884
63401
79357
42008
96030
34924
4316
26122
10794
31653
68546
78501
31716
58543
73454
84466
24220
87388
68789
55890
10398
63255
13209
17797
90032
93465
33025
11398
39419
94132
62232
62817
94239
93570
50204
55171
52469
69344
4750
33145
91270
26268
97700
63851
77812
6401
97799
75512
68147
58840
11414
96369
30543
87119
5380
20254
83
35036
58321
32355
69892
67950
36839
38986
50991
55898
21231
58547
87582
67327
11700
47346
97454
37785
30525
53603
18275
86652
98248
15712
79641
16736
2644
46687
88098
46578
98111
75769
7703
93321
70075
50243
42285
45213
74101
35828
77163
37125
12628
92327
17938
69908
43603
42772
71804
94984
24741
98898
52931
19239
84753
53542
57585
72135
78600
1462
46961
16857
27680
4032
96094
80419
67827
70448
15778
23820
28089
88295
31048
72656
41509
99718
4596
81060
45426
85953
26373
7365
63332
92591
51705
38630
72912
691
59354
12941
55577
24783
18303
53357
91709
97734
97398
45449
12760
84649
25558
61550
46467
53195
11900
59163
94667
16109
64917
58414
64537
53189
7756
34003
33559
14663
72688
40790
66110
5593
72005
28991
15303
51876
84885
94870
37538
52353
70146
55897
19210
28731
13385
35543
65118
95223
43626
92178
26326
83226
9389
28984
51593
72833
87030
77386
30956
2630
5202
55150
62638
51964
8467
62163
15188
15759
50370
91812
75605
20939
1695
3969
71166
65692
83162
26770
27776
98000
83476
28693
80895
88295
3433
29888
86410
92577
74693
2271
88341
46953
37869
41585
87828
82338
28735
81463
23580
98904
13645
59435
17826
93900
35673
37933
63771
93559
81496
29503
30653
104
55736
74759
40725
28200
54227
74072
28847
71738
60609
79526
29815
11449
51675
12386
51180
46598
86058
83133
80019
9899
68133
56058
40973
3784
24414
18470
69835
78293
3268
85790
92066
56112
10419
98081
98859
98646
22521
41032
94685
98544
78948
54980
49767
78701
38036
79226
28488
75518
98134
15742
80490
85105
26112
86285
75054
55066
6408
19
31329
11699
22197
44928
47072
22626
6955
65616
56788
8316
59449
92536
56502
32417
98125
43271
16879
20466
41869
25143
68975
79293
43301
30286
87679
15317
68031
29230
16691
78937
8735
37128
75897
94340
46412
47935
67092
69315
22884
6171
47206
18033
68352
13348
69559
71258
35747
46693
3129
93089
29653
1504
27417
71074
81723
55284
66226
97427
16824
91737
67498
13082
74509
15799
58353
43445
99009
37022
4538
14950
87548
98004
81760
4920
91590
76951
22670
43734
98549
99043
37796
57910
82496
49982
21274
15507
1591
96877
42975
11079
37230
86607
97462
6470
15322
9836
27189
25819
23627
90066
62450
88434
40779
81416
23809
51561
22359
36266
14087
26562
47337
34469
86462
26675
14206
49527
12818
2264
90304
63928
92235
20335
60108
35815
33321
49138
88681
62194
16079
15751
15008
80084
89115
14843
16595
96351
86173
60159
41508
39380
52379
86795
86931
81320
55018
31948
14352
88340
16262
44581
30670
18113
46029
330
31752
98739
71942
26975
453
91326
60382
77930
74566
59705
97704
26456
51888
44997
53890
91697
79357
70265
82308
49107
81104
80989
18666
22518
16335
60844
29891
2792
22088
49028
29348
88936
88209
25375
18700
1511
32305
22529
38646
75350
90952
70639
10897
98796
20117
79377
31970
30098
2509
14501
35707
88076
92526
31766
75924
83810
90450
89660
93186
32865
26749
74276
20408
63418
54596
34569
50861
14695
94144
44295
39109
2221
45624
78157
30511
11659
89998
13952
18147
71389
25672
50001
7364
45472
47703
57680
27631
83299
61955
72573
68959
59935
40819
64574
35900
42101
69413
17230
5953
18689
1560
89656
51209
41882
43408
30558
32133
35154
9198
63217
634
37853
48471
62730
55898
72543
26921
2353
80948
40915
54137
54513
50478
76842
90637
93845
41247
11021
33865
64561
95153
30646
78268
42532
82083
49707
68068
43641
84744
40734
13024
4299
80876
17197
17266
87431
29636
97294
79183
47840
78363
24454
56380
24521
93595
67664
53901
14318
85856
75592
86172
21275
41659
12497
83549
69079
98073
61019
62872
10184
95352
37235
58114
64554
