17445
73983
1947
14086
2511
66634
74238
34963
37178
91765
55469
75322
42406
1051
38358
95499
62514
46434
35887
75864
65318
21150
45844
80169
13447
81386
69445
59174
11353
93420
78851
44113
45125
23903
17533
91479
22970
66762
34736
5453
93018
79267
710
82452
62135
81871
22881
93394
64492
61751
84841
43646
31870
8303
59773
28024
99035
373
7870
28815
36976
59636
53341
88444
44410
82291
50729
25267
43679
62089
92582
50879
20993
21763
80923
90397
22981
77017
83473
3408
71570
67514
22284
52519
87470
2651
97194
68951
18858
86452
29421
20161
56361
5493
21688
93148
78003
86582
70379
68955
8529
56733
32551
78788
96343
67035
46022
255
8303
74105
24284
73412
17674
8089
99662
90632
13789
94551
67922
41734
93314
39080
95435
76392
2476
28098
86045
79533
87208
47086
68954
42240
73911
68328
61200
50634
47346
14285
78751
8248
14181
59837
18737
53640
40768
96868
12019
34257
32001
48081
50088
50048
74409
83401
23173
85864
1139
61978
67492
10382
49060
95532
8743
31115
68971
4686
6187
59993
18703
18921
47125
62075
15919
52916
15086
31168
52489
77298
56688
60383
75537
90200
1957
53180
21629
87531
50766
50953
50015
24487
24103
36927
58452
58596
93047
12964
80863
65456
40587
35792
59907
22337
81876
42258
59549
61950
66991
89379
32771
8919
16983
84312
87839
24912
98742
81753
2825
4843
27154
81911
22627
86217
94012
70824
35267
56440
62365
6659
65003
68783
32208
70531
38633
6707
78888
68484
78333
68367
89077
92443
49476
78398
70888
22261
45110
72421
94425
78446
20085
41253
27028
15703
97356
66409
63479
81123
56504
26246
15591
47660
80324
2971
17908
73501
79109
74760
26644
30963
34270
34324
37507
94784
3023
35566
24755
78958
4073
33293
8568
63720
60623
47504
90773
59865
11445
53363
59959
16240
13408
70751
56203
88111
49526
3141
2910
49012
25496
54574
58665
46766
84601
35616
15542
75555
96015
54450
71985
60236
74723
77617
38134
26540
72646
36451
89407
61344
40005
49846
70164
50932
93599
31782
63454
21937
44337
52889
85119
99613
30272
29355
30951
41178
73307
19587
4113
98110
27871
19311
76730
10638
18081
59166
94301
40094
66242
25350
14522
348
16
43507
83133
58271
88200
88792
88563
34944
95759
10952
4440
54316
67605
92227
24424
54045
47617
88039
17384
94478
14452
35677
82578
76008
68947
54554
64279
2521
39256
3138
93229
9198
79332
2280
58298
6612
23970
82394
75910
79916
29327
62863
17091
21815
71734
26011
72367
71120
99514
5146
83320
74835
32693
66382
46244
91091
83654
27397
98124
2632
28166
22720
28095
16167
90688
94802
18547
81567
20425
62899
9223
76709
25363
97613
94924
68716
349
8019
12868
80412
32233
30357
49252
61976
90228
92594
96267
92131
12823
17478
20561
10627
83968
18254
62089
14336
50699
35818
68297
32982
71974
63845
82770
37354
4226
9313
49737
22751
22968
39828
66260
53533
51770
76314
12445
50786
20022
99859
16695
54470
99117
54900
67792
93829
73050
47439
68518
55435
83866
56591
36553
46904
55046
540
97554
16151
36570
23851
82593
1007
34319
2077
37563
52047
83384
91758
75663
92719
99998
89128
55782
55142
99994
99250
49320
57395
3070
58796
65974
68698
51582
316
44980
42557
60216
93592
82500
84770
78595
50552
58136
63145
92714
34242
43923
58815
13100
69439
27738
5263
97668
12799
59673
60474
35462
3758
34758
10046
73841
83954
58272
4702
6131
42527
965
94312
49340
17444
40650
32345
32304
58843
3906
89627
83432
39427
67060
34345
54216
79027
49130
6417
39761
35746
31103
38683
60829
4461
65653
54787
53204
54939
99390
4222
69697
36509
15687
78665
37675
73912
20351
90572
