99811
29503
52251
82150
56049
42275
23604
40742
39074
69080
45624
47124
17509
18870
9873
8762
83012
16726
79349
94501
6322
29068
88841
51115
95102
91617
79412
70742
97564
27557
32520
82602
70928
78622
20929
16788
87035
10175
73387
15301
78725
92888
57897
46123
40115
8222
24517
9753
81480
72708
12710
14503
5169
26855
20616
36758
12845
88558
53969
75475
76287
27984
20979
56408
4132
81184
16091
40832
15100
83037
40385
46004
84651
66655
39237
90154
66454
46004
98934
33498
2662
71236
33073
98565
27709
22131
6865
18099
39201
84010
92887
76841
56414
32676
25344
84683
12056
40109
21565
43035
26136
1100
69260
43648
92143
72460
35949
69728
65212
11089
43027
52858
79559
94941
61092
76067
38167
11806
25421
3312
11579
4818
40931
58728
54601
70748
44460
75176
99851
17373
18880
80936
15267
99613
8345
95837
19070
70607
66868
63694
30145
3561
83477
56586
94379
62908
66343
48351
68251
29258
35569
69606
59782
11566
69741
24659
23959
12100
74859
71886
84816
45051
95954
43451
9597
47995
71455
7697
91765
66911
38300
58088
9091
40116
31811
46295
10667
54208
88512
63813
52401
95990
52361
16459
44387
78370
5271
29147
95550
75331
91329
64536
41021
61349
80790
38479
15969
13998
24709
67607
95896
4982
83959
89984
57965
74482
77465
58437
30432
56440
83588
18001
88049
98292
45935
43831
20127
97659
80234
34035
44896
60647
52474
23049
68946
71640
161
5495
93713
52865
98341
37917
52351
83515
29915
16334
19772
42822
5856
11273
76274
39261
95054
78716
20867
88898
65828
55390
24264
9961
11540
89850
83482
7773
31288
57015
90098
34497
63309
53147
52409
21489
23523
70669
18114
98568
84530
7825
28602
34148
41445
76844
98520
52920
50080
36105
55025
13651
90296
86737
89972
58688
2739
42146
75258
78859
70715
170
66652
72732
70628
21857
74630
17575
94173
48326
12143
10853
53401
67718
38640
85728
15803
77945
7346
51797
80712
77762
88442
63159
629
58625
84715
69923
71463
62857
78145
66395
64221
19864
46068
9427
47364
71417
63705
43800
53781
49489
66252
38018
79305
75702
78169
3499
60679
10099
29908
42938
70064
88826
73043
49458
80466
55183
73626
57202
1864
6638
10537
26118
61356
51536
30731
28972
2299
93585
16467
96974
7216
39622
988
71935
7134
56737
28572
7477
26067
88530
92473
59586
23512
77076
10
7669
40114
27141
7885
51300
22063
92217
42806
34924
98321
58183
72571
63100
11447
49686
21011
82197
57550
86774
26511
20982
73841
74907
28335
2166
23269
20129
27544
59720
64881
23030
10036
22663
65862
20049
38101
55020
6581
8742
13807
73777
53538
14839
92699
1920
26745
33205
79444
52021
67869
2302
68470
77328
23381
52262
2057
71967
92964
438
5993
49590
57640
55044
28584
80716
94298
27501
52685
22973
3789
47130
72380
35619
28211
18042
26028
29955
9741
57392
55643
70613
48094
6592
18886
9223
46649
12669
14446
1590
98276
35611
94187
32251
51091
49405
26132
46172
11628
69358
41236
66364
88345
56410
43854
58281
51897
20311
90911
87175
90289
67852
48006
2909
66793
19787
12027
78277
46427
50658
49328
21467
42837
89397
36118
81096
51563
55437
3435
63103
77989
94971
82913
82782
38638
25075
21552
82395
13070
89613
83763
55033
50241
80145
87207
28781
88000
77503
25291
81749
27321
25272
13650
78153
13854
55103
60533
38397
18602
45589
1775
81968
76765
11403
59820
10977
39226
87428
83296
34298
14689
93841
98692
67500
32133
42387
58948
82192
33032
71554
5082
19832
10702
78913
66482
29748
50177
52575
13059
38833
86160
90541
38215
11273
88908
36652
95382
10655
8281
54932
32907
33948
54761
10286
72130
47101
72883
22844
51717
15358
67302
15676
17689
87936
74652
81188
73023
66297
35365
50166
13338
58032
8792
59295
65855
94235
92251
77872
17721
67252
50029
72552
66712
27834
31913
60107
52458
65948
62479
22531
29539
87907
12141
36250
25165
93974
18902
97760
83606
55206
15752
11709
37149
86101
32841
44277
59082
10436
85822
34601
48041
21730
32189
110
65048
46883
75953
67804
94638
31778
27670
12809
29728
81044
81607
88023
86208
649
54771
84194
37697
11652
43513
68491
23543
26165
92635
11434
23828
2489
39167
26974
14004
25355
88420
18626
8764
89371
3440
45694
79840
98986
40658
97984
85648
36702
44310
94829
82038
92737
20115
4804
92903
93989
44731
16226
6969
17898
31674
75329
32823
27693
66660
48957
88108
19483
45756
61670
20727
28833
98247
3379
60075
4660
52790
2903
74457
21713
10220
15316
67275
69374
19260
76502
78977
24162
12464
37024
74401
86062
48826
99243
85847
34697
26824
46561
51065
40350
77053
71709
32324
46978
17132
82224
27815
29620
53251
85552
89869
16959
42488
33667
45821
61338
87949
37646
76818
33117
24809
46369
47474
14040
69512
20268
94985
65159
46644
21069
80185
48850
78425
81451
74968
91591
20300
14823
10633
84445
52750
74655
39905
31537
94265
75319
71735
73338
83281
41886
22476
31208
87972
65087
89602
42371
41906
99408
94882
80406
70887
57256
62749
85326
71692
20200
96598
59449
26972
9478
90824
20520
92218
32271
69647
41918
70512
47691
75117
51296
98654
77010
36158
3612
4330
16323
38117
92288
58116
96676
77993
13093
36413
76614
34391
49352
31815
45194
3189
4228
95951
59670
50036
66058
76495
41391
8990
56109
14819
5905
12980
74635
3703
8798
76231
30735
65503
47510
61393
14250
386
71190
54844
43865
71498
15575
42477
4520
39340
97963
25251
69418
31188
78526
38901
87146
33021
18534
45400
2807
21225
43507
45136
73562
9247
49864
18224
33622
70415
77342
40975
61477
12280
6272
39279
3017
20145
28730
34483
8223
57841
85668
9334
46225
12348
58301
71660
73775
95533
51350
21664
45569
71028
8190
35071
71353
57224
53505
58834
44373
68363
67750
78710
88489
94876
59547
58718
97153
91405
17055
71373
66443
36359
87454
34533
56489
50378
54844
45797
50873
12749
61214
58647
21962
94607
42520
75822
51640
35638
32548
44930
1544
27084
20869
28873
74635
27957
38038
89407
60846
33687
81135
65981
13532
36844
85794
53990
60591
68069
97073
86662
14348
82065
90820
3043
7730
58236
49652
40863
50695
18498
3202
27555
70567
25821
1018
55298
72635
16203
98265
16677
33300
34083
99380
46387
17004
86598
22841
61401
90361
5631
21446
17104
92114
8243
16788
132
5952
75899
84060
59976
74716
30757
53900
40932
89151
73386
81665
13508
82110
60382
71342
20195
60008
42676
31255
44296
7311
55715
81771
82517
6994
51249
31438
52101
30133
87105
87253
91530
61201
46109
67255
20135
42109
38258
39148
6466
37699
51232
17405
57840
48120
53542
13077
84217
19416
21862
45499
8420
32637
59520
93134
91649
83952
96658
82006
18384
3447
14221
84468
37947
98707
13724
28510
91381
50778
62673
98376
61751
34715
81517
40931
73577
84698
2201
79065
32844
74576
20664
73349
42851
38676
86016
66201
53172
14883
17705
89071
99069
52212
18605
12397
66939
88515
56763
70580
77706
70408
21445
99782
14568
57214
20167
85005
34077
23384
72540
24792
90275
49814
74049
86760
70448
73423
48321
45309
88029
46523
79915
63983
3288
42738
21403
9317
45662
34643
98219
60429
92928
59748
92727
9182
21898
86134
74949
29436
82900
86763
61592
30725
66061
32386
27246
1632
21209
16956
62111
91213
65234
36612
69061
72997
60811
53519
19586
85415
78624
89249
42883
44946
61570
8900
5327
83854
93915
76745
48533
73044
40939
86999
93437
52416
65358
99137
85058
6028
45652
36219
48061
87430
18377
36803
46726
21747
41685
86270
94638
85382
30444
91784
39153
91675
44741
6600
53649
91392
23000
54058
6558
30641
38545
49367
40390
95599
24183
68164
86183
13401
53196
64814
59287
71589
87128
569
30874
64713
852
1963
46254
76016
73599
33156
65855
54533
91013
32508
37630
53548
37737
33237
70702
54999
72663
60794
69196
16283
69666
75477
2528
40815
75536
7778
33786
91777
83739
16118
1410
39701
47786
81862
51025
58814
61186
44888
44056
64534
12301
74489
27689
15080
81924
65009
36743
83823
88953
43390
12217
45855
5304
76655
63527
12164
55027
71375
71879
87888
84551
64297
30755
27312
41120
13557
46133
7576
24667
13283
73885
45512
84743
70899
54660
37604
18570
6073
17631
11726
88924
52984
63626
41174
21217
73510
5454
86400
58058
17878
38653
97969
46494
1510
39404
35413
8270
2000
38041
30996
96631
18575
96343
54843
74573
77874
24740
18438
58904
14511
11553
87201
62062
2660
600
59671
29399
65743
45745
10755
13432
45353
91399
89572
48596
67621
76499
8612
90073
5540
36185
60265
58542
99100
80127
49168
89011
61608
59427
34450
16376
70199
94994
34589
42959
11290
29506
59445
23974
27610
82310
98960
75750
92446
32056
16093
58482
18867
25392
62732
10408
96958
11665
61665
13497
40447
33439
75114
52129
15644
60462
10906
85662
20214
40813
1059
93437
77073
57101
24362
66448
9578
17848
34471
13780
68169
84654
98130
23880
85771
34209
44279
70826
49502
80937
74170
83977
89625
40808
85021
5740
3159
99771
15319
46670
49248
61301
28577
9687
76067
86713
14151
95967
64984
9171
98690
23846
6682
97752
29823
89126
56045
71424
14920
70185
47925
14504
72040
34601
94217
24904
77660
35272
24245
34407
76295
93538
75017
76251
50876
54389
85723
39440
39505
64564
1700
41512
24189
68202
47082
71879
10205
36664
82510
6417
60951
49271
24513
70607
52423
19885
66547
33353
63958
20648
8198
46490
27381
88645
68668
6025
15435
13843
33426
341
62173
97421
58790
27845
72930
38409
38185
11981
99550
53557
15995
15048
27773
60432
20128
53917
47946
56986
72833
50558
57721
12166
30801
8148
75912
41610
194
89619
30445
80101
70024
89622
20064
78115
8167
33203
39491
43720
68313
4856
717
22983
63258
10215
79363
62205
70239
99226
64322
23468
47353
34509
91354
31374
56610
71460
96862
13299
8841
27728
36786
58093
68365
58834
77340
58879
81263
23990
79289
24451
20078
21599
65504
40744
69886
97428
82748
38945
15960
80139
42938
80044
31601
78605
56587
96954
6240
83396
51687
44824
98520
50817
5000
97756
46833
12059
99516
95850
20677
42304
61796
90368
50168
45041
25988
56767
28215
55373
17475
45455
40079
42765
48460
18340
38451
98469
70195
75599
48649
25762
32174
11555
58215
12184
57260
51166
17885
52105
53556
9327
56844
5245
48772
84059
94132
22194
50880
41611
10231
41476
10088
76613
28102
64409
81426
33642
41313
43761
64724
57890
18423
80135
29293
2115
7395
6026
14345
54661
61582
51695
32973
69024
9692
29240
97477
69320
96164
41689
26867
77968
25488
22472
93594
62002
54280
37261
15848
22653
88298
35001
4209
59177
58062
17809
27038
22390
66424
10507
67613
35976
24125
49662
7925
4322
15302
79352
88903
44526
63892
36220
64964
77168
4012
29970
91945
85540
92651
77091
61803
6247
41371
25377
24901
45458
85264
14737
21278
24533
51970
55823
75972
46369
41395
72136
311
39524
77568
43602
80990
81015
48156
9981
31857
20685
4216
41021
29500
30107
53067
56938
53038
77221
40520
87568
986
84256
85211
91470
63606
60961
97416
17272
87856
17750
87480
78737
83873
54111
44858
32282
86851
86466
47801
91114
6256
26636
45806
83684
65507
47175
42240
65803
59564
73051
92910
25561
35311
20501
27856
78096
30184
63369
98271
33314
88193
44809
48217
33768
9291
67993
11674
2272
77997
93279
39458
9144
60239
41290
67694
67590
53570
51436
49767
92339
25254
73644
87045
11459
75104
77406
10203
4190
15592
46726
82576
48643
70380
92148
19726
2405
54280
51763
45312
6359
12556
71949
32328
97426
65598
55568
10908
39512
26124
40432
59170
33541
30439
24095
31926
47308
52698
82345
23599
13747
51675
38281
6322
82252
33258
