81683
48896
68876
9050
16718
14084
3963
4006
39337
47521
27994
28943
64697
62821
52991
37478
22599
31892
88774
6021
67484
93055
5745
22481
85382
38694
15769
3518
3017
49056
2576
85184
63743
33530
19146
15469
72590
38400
83687
14079
28407
81012
48123
54729
54949
74261
83394
68291
14735
12461
24434
61343
39575
99876
44315
93942
39911
16622
81873
62945
61456
33094
30007
92718
42094
3763
2898
43786
84580
93882
39553
11791
1333
18567
68339
4067
6441
2695
52636
49210
26974
2198
61206
16192
80807
62588
58594
93927
21359
28929
90625
9592
81028
62962
47984
44591
54551
67735
26910
40769
51131
67841
70168
76238
9879
44228
63791
30183
16994
76573
85439
49038
85045
3332
48815
72632
54840
69824
65194
78225
58578
98092
47924
52771
39332
78792
18679
9357
56384
54992
35244
22398
18527
40491
49822
68045
78172
91194
24087
21158
87959
27030
72658
78290
68510
84075
80182
47303
61113
61760
38875
68571
42284
18451
83165
10143
58562
60174
55990
9827
99324
61888
27320
20837
63020
58477
99670
54463
87958
43488
77608
3160
12591
17680
48719
70537
2270
36530
21988
30887
29474
16145
96238
90255
22814
70374
86050
23436
6383
68438
15484
16917
35565
22005
975
56406
97960
33414
83931
59464
88851
62614
40832
68661
89435
99393
94066
88753
73064
59605
70242
72586
39807
59343
4416
34710
32878
59416
68407
99172
21811
13942
9338
68498
46770
1553
20530
34556
5923
65423
31073
38845
33594
39217
92643
29661
60697
90085
62596
56665
70979
66918
30849
89590
66663
2365
14764
47115
35311
80477
51007
74388
66089
48355
46282
13239
98074
19788
9863
67836
95841
91662
80010
80319
38307
69743
73650
95914
75628
79500
34105
15098
55950
19713
25171
1555
48886
1903
21549
38994
95833
6967
75377
7356
98571
81943
96540
79458
17088
94417
70467
22875
85130
59865
51289
28616
67745
58102
10506
78145
78904
58998
91729
3326
49265
84767
20600
90070
84246
46365
45648
25808
80796
4958
40622
93312
77598
25857
81768
68971
97904
12013
24522
92343
6819
26877
43286
35579
45549
42325
65220
16278
24001
76340
24383
65415
50069
17297
86121
83134
49063
66915
43231
89558
79944
72355
65237
5172
86375
59412
90001
75933
30096
23419
82958
91935
41678
82186
53392
35264
89500
46224
9476
32653
11574
15469
54205
81575
76867
68877
72878
64628
42842
73502
39460
66379
54161
3046
73923
59258
83855
22378
15589
30695
52726
64165
38525
82336
75351
96462
24208
44037
71776
56056
23949
10256
52840
1300
88994
24507
34029
20344
19741
8786
57895
15899
87173
59139
8230
76067
9407
6023
80611
32262
24142
68644
33347
99873
83856
16195
80479
95089
14736
85670
4203
22179
22621
95934
57952
29505
99656
40747
3295
39708
83873
39666
73976
69734
50583
75040
88584
69764
69257
45766
39723
26594
42472
24054
72011
96668
54536
10101
23832
56702
96569
41439
48510
85714
2097
28622
49384
21294
22643
57019
60275
65063
96297
15630
77904
47533
13962
88208
6060
950
67695
69364
2651
30212
73530
48934
30265
16591
97167
41553
98440
36721
75085
25223
51581
30204
15925
92567
301
3203
87392
11578
15956
12499
42460
38807
8200
34747
15340
27298
83655
89063
22420
23987
40114
47546
36352
56873
85161
38007
62432
70933
80718
15889
35634
83601
5712
58276
73905
95545
97948
11880
68771
10560
83208
9007
67802
89573
24706
50791
5188
88087
29277
45333
66417
3826
27972
79908
30997
91891
8260
1015
23169
88476
12596
73802
14736
20949
33864
93301
66415
72091
32022
23869
64518
9331
68280
50396
8320
86021
3223
35077
30118
71077
33503
86936
84781
65811
48105
67771
28492
22285
69631
77857
17427
86251
8649
87449
96264
49541
99915
6051
13717
11713
8051
10394
97682
18831
87314
84197
46136
68432
55132
58055
41567
44085
92326
76157
76525
70339
14288
58056
85770
59476
66859
68332
16543
55122
88227
54744
32645
64639
43916
66364
40283
12125
85778
17146
44066
36924
7842
17577
90064
8752
72031
57239
29495
29846
54917
84550
41405
46993
23073
96420
85612
1859
79051
20203
18198
6731
32578
43065
91041
44600
42344
19799
74104
57460
42534
69068
84667
4746
15291
50248
81175
45060
95357
98250
81069
18610
96374
82097
91730
85263
29668
44538
1591
3646
45831
74607
64494
20464
66986
62784
24550
75968
93357
89302
71012
21498
61622
138
83117
88050
4489
32377
23363
41042
11018
60848
64362
5740
15476
51370
89182
50274
48813
22390
88010
68721
71356
36469
85012
15428
67892
65806
68392
3572
27044
1859
63993
95888
45693
8158
88126
83559
96168
47495
38913
70468
69022
49966
37039
54307
57439
26688
6629
23505
80663
75543
94847
69480
53309
69906
64881
47419
95027
69102
61101
5624
40685
40165
37503
43369
55123
34535
60924
50307
78466
20410
49067
26657
28104
31747
80052
82689
61669
58282
14946
68512
61664
67441
7693
90682
36910
18643
37846
30900
48540
3246
90716
93820
59001
19275
26788
75994
71398
69069
27698
65991
73434
50115
79590
56955
25359
94579
56327
77172
34515
1449
94829
21650
40433
96687
12694
98300
93917
51419
4334
85969
51125
85948
65977
38433
19408
88270
42197
58354
85486
79738
57040
8318
28538
67700
91335
22207
70866
35130
94460
29541
47024
30718
73608
7800
78637
39330
86494
33362
26629
32399
74518
10336
55155
20592
12508
18411
82273
56916
18499
35797
11222
67481
62383
61351
33163
19257
35813
81229
67320
69382
97407
99683
57695
79008
87070
81085
76871
16145
11177
30804
96893
16585
36387
76289
74804
19769
94017
96480
66164
47323
89201
87654
23682
45986
29444
46860
60118
73799
35757
280
54659
68668
76174
3185
60231
1786
66272
90597
25538
84928
14205
63314
80105
70224
48808
52676
43183
53812
58483
19234
8108
70607
85863
5459
22564
46471
68667
80666
32138
56162
90687
87535
79696
20705
8508
23926
56295
66229
49355
71119
80727
57770
33362
10183
44217
16221
59598
51870
94462
24332
9346
42240
48844
28547
62414
96174
20569
47476
92662
53989
13391
4918
7480
52558
90743
15634
22593
51681
53266
65387
18366
58849
65092
43350
6695
51150
53736
4544
48584
1744
71004
62754
1702
80129
43076
40251
44470
10412
56775
29640
18648
39798
25976
55289
55933
90775
57246
57046
5734
44714
86985
57336
61070
32117
93733
14218
87456
85251
98735
7641
95676
42644
55493
53850
63494
81699
94725
93807
3650
95654
35020
55493
95894
24160
91436
47049
49332
92947
14408
98028
38058
17381
69519
29345
57768
77116
25070
99079
84042
74666
48847
40846
73928
49363
28061
84275
41699
30009
17188
22953
56891
74482
87280
74237
58160
62580
97254
57443
50018
79641
32823
2189
51194
52720
61906
87034
93113
78617
36729
79
24936
13568
32281
7789
67607
78111
48417
16105
73525
67480
18587
8731
90766
47790
62047
51534
1139
61359
88358
59090
99951
60703
13099
29701
11974
40055
71917
68534
92926
35697
26414
35089
48652
21967
39816
70806
15258
38488
62980
85366
82600
45988
12026
6149
10800
23015
37709
24287
84899
83931
83631
2898
76278
19732
5493
48333
31120
37592
76801
83643
86014
2459
37790
4994
18670
64564
53808
46353
77775
90460
37001
25576
164
1967
50842
95841
15785
67359
60926
80430
61323
82222
17406
25971
71902
23551
54538
69483
96936
60017
71049
77996
90985
53755
11360
85972
63386
94592
2197
25412
31459
66328
11699
16276
11257
56502
88862
60726
97098
86005
10015
63711
26549
52987
5977
84521
1043
56683
68669
9216
34000
91090
39137
22214
28065
75909
60345
46786
41044
22667
37507
18902
86092
17701
86386
56564
25916
40431
65657
87672
63019
25347
83322
3476
98416
19165
39100
11777
29811
80817
14855
74302
86854
21248
53291
26073
55914
82439
71563
91063
29686
10637
40851
28091
28000
87471
25594
63635
75363
44440
16791
94150
88043
1211
12605
69456
18902
36223
96497
897
31764
19290
38226
73243
28697
10200
96231
77658
33443
54783
31308
24583
42087
90427
50935
40002
88119
6782
91209
96311
33197
94158
9082
79901
87199
52073
1412
51551
81567
23506
89360
12876
68483
66549
6706
52316
95076
74525
8932
7528
6629
8015
76226
47564
65700
7885
18062
47830
35065
17008
99598
3582
61586
50262
849
3591
15368
17289
88461
64616
83991
20580
26854
9458
95134
22634
80636
56605
42578
267
63375
77872
20335
81574
69200
71943
27596
91637
83138
96345
93194
16720
3734
98135
82456
33567
27172
84472
91596
40312
36015
78245
5220
68588
7624
11043
91034
52643
7405
16034
32518
80538
60299
96671
55120
54985
221
63668
84406
46926
81672
52307
85676
33661
332
54892
73687
75130
10140
29046
48413
96916
43267
71559
8206
16589
36295
79602
15218
71208
41083
56408
39635
78113
51960
56860
89062
88577
12274
9978
37261
74465
72782
99874
2555
21720
61971
34545
90299
91342
94112
82719
6148
48420
84712
12986
67247
52910
64978
26584
87006
51967
87044
35442
85782
13026
89880
485
84571
89215
52213
11689
71736
14283
93198
61012
93819
82904
94227
32093
10649
84029
5964
6467
72246
19911
73533
65052
20428
61494
59776
45824
91572
62038
71597
3799
98615
75170
97604
7865
206
1012
46642
480
22789
14573
36268
40905
87465
14309
17802
50374
7617
65550
40346
78491
65583
3463
49973
14162
47066
3247
92282
71459
10504
21488
36618
91126
95287
61893
68451
11750
27491
21060
2791
81179
64704
25540
55960
98370
32567
80093
75651
98601
44802
8894
69938
20883
65787
86365
94720
25386
70147
22383
56089
60834
77375
87811
59174
17088
91139
40597
88272
36485
52733
40148
34399
99047
26031
18246
95866
41258
67339
8451
65111
15898
97709
22775
80697
51280
87547
4338
67283
22246
83770
77776
8290
2413
58309
65396
96154
27401
33391
36336
83200
62166
43837
8488
12587
32061
29528
28462
43207
46872
12206
13585
95031
19835
99945
51735
32121
59528
79936
19762
69368
91500
5588
99306
35984
48690
57548
40001
53900
54873
59832
44411
92406
13805
62121
26434
41745
8205
57105
25514
7835
7373
87866
42679
67901
79964
14407
1235
42495
9341
50725
24898
33264
12925
54251
69204
47779
74097
48014
38227
82833
5434
82516
67971
65853
75484
99137
60207
60403
47749
39759
6127
26240
195
58361
47868
86981
16352
29475
87760
99145
64962
15697
70109
35215
14107
51843
28404
90295
57916
26882
11990
97082
69170
96447
80609
87048
29519
38481
82617
67115
30538
72522
13279
90551
83446
99138
83217
88428
23117
80203
13910
93699
42822
72970
17082
33803
50221
51326
7887
89671
92191
96141
47993
19114
56366
13276
13959
20797
20623
42617
38786
71336
88274
54399
80043
2540
16330
90119
26685
98426
16964
94508
68502
82333
88200
2304
17053
33327
8819
88984
85033
18066
14633
68163
2198
49364
58531
19987
70294
85962
45057
64685
36871
69301
21806
53310
98438
52628
4545
33769
27106
15317
10719
64369
51667
71027
76886
89425
14031
72178
39615
61860
64962
85162
66534
96269
59301
60862
34442
62596
60125
53209
64801
85325
63785
44904
43411
96033
13277
23888
70704
98157
76156
16726
11867
42008
24946
25825
41836
75341
73015
36222
9271
30200
86889
54674
75677
30296
17203
18862
21173
54835
64799
67766
46707
74490
25921
95578
44078
83143
41012
21048
49738
85027
5328
91693
46081
61089
86387
8077
24838
30652
33223
97177
81178
44893
55467
85844
64245
97161
96482
25472
70134
11845
24092
97175
26660
78259
14876
83171
85800
28952
13584
24495
9309
22863
7905
97801
5764
82907
70647
34706
53167
54874
86309
75993
20247
99913
97134
99956
81732
6430
74869
89282
8104
8872
48813
4049
98741
30662
98169
9828
18850
26458
47267
69281
95219
84955
85932
43305
23581
67579
74085
63453
41247
751
79590
31229
22689
9762
41466
71831
62851
80884
46716
19992
23266
64953
58397
43821
29386
90486
34970
18869
24075
37276
36522
49125
1822
32465
22189
94260
70993
70236
4862
3132
17315
23572
44268
72435
70804
11908
27519
46334
10448
12084
7472
48044
76244
51611
43506
87503
96543
3103
16816
20666
80174
6589
72839
45416
67433
82495
77160
6650
81795
62214
58039
48889
75075
55489
48649
98527
12765
94231
35180
79882
3409
40939
63154
69250
36136
26543
53624
69434
53838
87273
33341
43526
55988
3081
88588
81219
94736
1152
11014
83519
649
77246
15673
42450
50361
4832
76371
61170
67400
47458
41511
6939
29571
63271
64822
14416
41553
92314
9654
60042
19730
46974
62991
9565
27782
83885
25863
278
96199
21616
30568
57098
56619
82652
71915
