40896
73081
29795
66291
34002
42050
3434
82185
16054
97190
8937
40084
74190
79535
1204
8302
46859
54401
89579
2836
30997
19665
36513
81507
90765
49909
158
28220
17862
99598
39330
58386
12289
17517
94701
44646
49423
56779
83575
83203
74332
99993
97315
95397
17510
57561
70230
86594
57541
38556
96673
65037
65685
38288
9098
56975
54965
34401
94039
41230
22081
34225
15203
66293
14276
70130
33315
6092
75324
96721
60875
56784
24822
4004
66649
76245
3282
24012
49507
20346
71775
74885
34110
35695
89430
56035
2023
27204
4641
80772
60945
30671
86570
8653
72062
85473
92396
18817
940
20586
12700
47688
30887
38287
62518
99713
79394
4242
88773
28135
88051
30120
46174
74346
14222
65423
53130
48970
38825
98942
76831
35592
18709
7028
12358
98919
54401
75853
14559
83167
14424
67864
13353
93602
55896
98837
93289
64404
7811
41268
46337
29420
38162
72264
13292
28857
8980
39663
13615
4600
34427
28809
26142
59619
96193
74228
23814
82758
37774
75388
84431
69249
54594
43784
96393
99406
20481
29794
53511
73191
42662
52070
86172
36764
17229
79642
7504
78581
64933
97526
62653
17283
63207
20274
56876
51334
54482
4738
3901
91266
3115
53277
79815
49395
93707
91672
89746
18977
12087
52230
54694
35056
26901
91859
4069
72628
94556
27346
15881
4215
43151
75643
80951
8640
52066
45627
80159
95475
33071
39661
54430
85560
36048
88189
16021
66984
47883
58675
96653
28030
26585
51396
53111
53881
14363
18906
54173
62198
3173
23429
54072
44268
84167
77011
17163
72963
98491
92950
96070
36577
21061
13838
81314
58439
51212
71489
34255
66228
54552
77105
87179
82037
98846
36199
44429
14482
53459
32144
46729
47549
76651
24621
67181
37353
97916
64844
91890
47625
13623
38093
770
77499
53344
5939
4822
61039
41570
35454
14992
46960
74891
70786
14714
99127
58298
23673
83335
93648
95866
33759
70843
26798
10925
77053
55649
89467
78680
81415
26686
8493
90324
41642
18630
2967
31804
13568
94834
54500
52728
6499
16356
44416
21269
86405
57477
68005
9502
48451
28168
96176
30218
16792
42230
18271
51104
81981
26129
66280
45025
91910
98061
90335
96242
70897
59361
28106
71498
53355
31090
86623
82252
83403
37499
34020
9687
49857
85020
80857
37711
97240
10544
15901
40797
77739
75972
49658
3290
86509
67366
10418
4746
53270
16487
32233
91878
46838
143
71973
71856
86056
88451
93529
3986
40524
6981
61171
37218
47594
49734
91261
39441
68291
29988
21737
91224
54141
84272
72177
71394
99309
51079
83750
44805
8044
30398
47989
73654
16106
92755
56096
12866
66651
47149
26323
17364
56029
96146
96027
84451
32970
3349
97098
78036
55874
73563
68709
33155
87190
99204
99733
18955
31345
57835
34668
46279
3231
55198
21542
41977
47968
95700
28007
76268
19441
28041
2747
21730
65111
57507
13290
42931
57593
38442
48464
64232
59748
60497
33990
39964
9321
20469
73075
55951
61597
27932
90381
24292
34133
27261
27370
94306
56293
31337
9777
91748
38145
52862
83850
15652
38218
88116
96993
67601
27670
54939
80575
61729
19637
11812
77933
65442
56812
88153
48961
50619
27783
37276
74192
92963
13199
82940
75907
43220
46527
68010
71552
8126
10999
29481
75640
21242
84267
17951
70282
54242
85354
51617
71682
17750
74698
44955
30111
27486
7380
80472
14317
66273
42081
98259
47787
55348
63874
62565
83947
59482
87660
27176
30089
89546
70853
62156
55746
33467
78875
23291
50204
41916
15093
42611
25979
18615
48000
93426
348
16789
42783
36535
25392
23116
31850
85642
78520
18376
39445
39451
70061
40107
9204
15534
72288
36673
70268
86783
25083
94471
17578
65094
27492
40407
74979
98918
81514
70301
55990
51405
14755
30533
36411
4093
71928
85059
5356
87428
31697
32794
66894
73900
75002
1428
23162
82153
3730
32879
81615
31155
84505
92887
94053
52380
71346
82662
53092
14897
43097
4013
42971
43383
76768
31078
65890
12292
66310
71538
42493
80744
87862
58111
15738
92208
7116
97163
71003
604
22213
15436
22173
214
36471
88157
3341
30606
59225
2233
48849
99777
40214
6749
40572
18791
53177
29659
50674
69431
57732
94329
10508
32723
85083
52531
91883
90663
12754
61480
95634
76085
16282
71711
4223
86301
11700
59846
70071
95045
31627
35716
79356
94160
9934
76864
52219
71628
85169
95069
14647
85714
71356
19365
4717
26375
86235
87905
56468
64555
71682
77064
38371
77552
88772
60352
10151
4419
20836
81958
1683
29169
71875
50198
10748
11524
4820
4640
62612
85090
24358
87358
73721
21001
72472
53551
14235
11476
71285
89663
69713
62176
17488
68185
60915
94847
5335
57481
92541
52479
31105
22255
66646
68023
10904
95692
14543
4727
25839
77850
72196
1198
93821
16522
48428
57566
55658
56584
12696
80437
54582
1763
59769
63825
82996
18762
92321
20831
67982
27889
99276
96555
67978
66571
97688
86606
57045
82582
48986
57510
80274
12326
56630
15430
74134
26191
1524
97850
58941
77766
73975
69189
27135
76626
16565
85814
70673
15430
973
58504
13612
21221
23633
81141
41827
68130
20012
13252
50809
84065
65398
1004
64631
7525
51266
96347
14405
2326
584
87214
2955
17820
12911
83061
23904
90083
10651
9468
48043
15608
91557
53144
37553
93174
79384
64405
99588
21861
4523
68004
44674
63588
39526
55232
72551
27092
60616
30222
68314
6907
5598
61693
55103
15710
51029
47659
16083
81312
37053
35132
68093
40564
27031
49429
42093
51684
889
78437
1422
63715
46049
25998
7870
27296
27885
95611
27721
4435
92828
90670
55142
36623
81574
20749
18717
60455
7266
84741
28382
17781
84115
61173
14685
93481
75600
73569
10017
28119
68198
14510
22372
94982
66564
5838
56163
1468
49110
44460
41782
73280
19158
33278
45811
6568
36127
25027
47217
27945
13687
13102
81319
85191
27351
87985
72968
2525
82689
40432
3142
73470
57146
33330
79026
31608
43408
82977
6642
34960
90303
87499
97240
23247
58442
15231
73916
58930
82086
19109
83275
42758
56215
74449
58500
2414
48288
46994
24784
88910
67914
85678
85851
79543
14453
292
81177
78508
62515
28096
57500
26648
38381
15358
55379
80411
86568
39943
71764
96680
25085
79266
22969
64978
40350
84281
98905
61440
78318
54660
69082
59964
47054
22882
73631
25150
57818
45732
8479
28886
96632
70483
92826
77867
36421
90079
89165
12872
70952
26685
31404
42267
76165
86211
4947
2008
81892
7768
14174
92310
67541
91479
67326
27198
79027
25669
6603
47299
1020
50181
12115
88550
8542
86408
12382
69853
65010
36616
41162
61317
30006
5214
90665
21309
89368
22857
24587
45390
22661
60629
30891
53066
78618
5993
13907
49369
37860
34837
48064
37389
4016
54620
41449
25229
79287
12508
86397
66187
48594
59347
6439
94591
17614
35403
44193
71283
24337
97069
73157
32618
71227
35011
57872
44687
5616
43787
31550
549
9662
90489
8017
62398
48034
95734
95692
42888
61390
84164
35344
40233
86822
83568
40482
90259
32604
51869
79483
75215
33913
89414
1975
33958
68625
50371
78447
51033
17853
1500
91727
63192
14596
89162
91706
11076
35677
66165
557
81046
57081
98875
34731
27580
10896
22007
92101
40178
53219
33601
37913
20376
76733
25922
11567
64261
79081
29351
67745
3783
28751
5821
60067
46196
53855
65956
73155
65136
16015
99767
9926
39092
21513
4645
44882
3485
64917
66319
61344
81057
96592
98590
785
81970
54826
75835
65831
19783
5735
98657
34984
72381
89681
17500
66765
27974
81630
1660
93701
95444
34687
81859
32502
25601
90993
13356
65725
85315
12236
3598
82407
50027
3217
23458
356
31824
76213
74361
31195
39997
31362
14942
90749
78976
8809
60347
1991
24518
2087
54887
85529
83214
8996
84477
83478
32650
36196
39147
16576
59983
66799
57874
31539
65210
46423
88088
55871
72085
42505
70430
40777
94413
84097
15679
39282
38360
94945
75239
36303
82467
91335
19196
20205
66196
28007
26634
61188
35136
40396
61798
40926
36398
49494
56619
59958
31278
66846
45249
34603
93906
61497
99449
83546
94393
28156
95046
95766
22914
26394
99123
66058
97172
44403
5225
82217
9870
77646
59567
48774
15090
2683
15103
36221
22898
69501
22255
51760
70027
31899
15229
37886
61139
84768
81050
18482
29967
79558
4800
28611
52547
44798
