59619
31209
26677
90738
17687
28000
80897
47461
30620
15422
91029
4084
45470
59496
39240
27118
36029
73016
53570
89522
96478
75356
33987
74960
9532
57149
16161
5385
76887
91261
58875
58458
53012
69931
20774
68741
54694
89388
58
87194
28172
47938
46775
7167
43344
71234
21518
51920
50220
29327
66607
58629
76658
64117
76278
86915
68377
2932
895
26105
72360
94225
96904
74781
42969
64753
38987
18582
6434
64124
43835
37812
53877
32197
15945
35090
45600
97600
15045
85090
105
91495
62008
73387
10166
39734
45552
9433
75228
78662
65529
69962
64523
25100
50294
53349
28501
19399
15416
2973
57546
51972
88891
88127
46376
78332
14090
14775
60176
25433
55793
75211
14201
92964
76966
35676
72432
57282
24352
3998
42872
92757
59477
15562
97133
35620
98315
25195
70196
28698
77675
95021
2596
2013
49260
23881
71725
63777
13384
72629
21561
99119
43497
1415
40850
99739
19967
50014
58624
76672
86940
60325
22889
40520
69689
61356
3440
68708
41466
11326
12963
17743
8704
18957
71950
79936
91290
46599
52403
28678
10687
31517
22920
44129
62848
48484
83473
62041
45112
76773
22031
42439
26735
27709
47158
12041
1207
35115
50812
94512
35176
10322
33797
6052
33592
15852
82661
60317
73583
17435
21314
96301
20620
32734
73230
15549
29684
6946
60822
90973
51430
10405
37435
88525
8759
71375
94358
25115
82741
28401
10365
71443
48490
10936
14524
96728
31387
34344
14340
43910
11939
26017
792
18444
93621
82976
79404
71619
62178
98176
92237
60180
7192
82666
89497
68064
47074
53818
81476
83147
97227
56040
51591
32203
47760
29687
39559
90619
71915
46361
10040
99928
69296
84300
6601
45847
59018
26315
53422
72266
77036
24488
7898
32504
99234
90833
86132
8171
7227
41162
80308
58062
37402
40592
61989
94828
5341
73461
18660
25479
77596
87838
2132
33330
70669
45409
76945
23600
93095
41172
44459
2641
10684
44238
84078
11650
7266
50934
96888
89721
33690
34497
58966
98219
86363
21830
91693
98719
33278
27106
34679
40127
10263
24448
63186
77106
43096
47489
26468
11555
12156
62288
96013
21653
65459
71919
3398
18840
3195
75964
16326
52138
2300
26232
48376
61317
23136
91207
23099
65677
41998
66034
16322
63607
82975
42317
81850
9561
80576
82550
25258
29738
90592
27696
28037
35506
80802
3259
40083
94480
75436
79113
52399
23181
97704
81444
33789
72307
53246
51331
65497
85939
24005
93814
35894
29350
96833
63752
63725
96603
34011
90320
2852
28754
3949
50697
44063
96229
29451
65318
70213
24817
78233
1984
39829
73727
15796
44221
71281
6304
64275
437
74696
29215
62567
4773
32061
14331
2801
87961
57250
59023
26149
77086
77240
85202
96993
16828
63338
25220
38628
91587
6975
93596
5972
67820
78489
97556
91161
69013
