38370
27301
178
82436
43358
10216
75691
68934
36594
53963
25294
74654
55072
99563
79166
51521
92982
58570
17594
94978
45642
47974
43726
79343
67739
89181
48560
43909
35777
77807
63978
81917
98418
35128
69993
27647
70441
59073
20941
33007
76081
2955
82009
74364
75780
23490
22260
32787
16691
56173
93234
46419
31783
95674
33257
42413
74973
81739
76704
17681
20426
16867
14813
52618
73044
71135
49988
10076
34092
61593
9116
93001
41054
28947
33060
8517
54001
72630
39277
13630
92107
46825
62422
98341
33443
64689
13838
95605
78738
5729
64991
94414
45561
72193
52181
72228
3197
94336
20291
56020
80462
41536
71862
67413
78826
56509
64432
6700
1407
93234
3878
82973
64763
5717
14412
3159
94867
4338
26884
91445
21275
69292
16261
22403
74187
86505
36380
16061
57962
50416
45524
61222
21644
60130
89879
4543
72098
20735
13614
67188
78649
49908
94075
28325
99391
81479
58548
45280
18870
52234
25021
63877
24406
55986
23580
9301
64034
49831
97342
37747
22940
1522
52237
72215
27176
73980
23487
41972
33591
53282
53297
94539
93104
39764
29049
51495
80805
38466
14203
34948
70843
4700
15155
238
96655
23323
66434
72221
77816
26162
83950
97458
13627
81041
31357
92670
40549
17978
68192
91033
25670
93401
63
62193
21634
31589
30966
9320
39780
24048
25718
27098
7751
12175
26535
38226
65386
26304
31923
12830
18481
5117
38357
15128
13796
73393
65627
14745
20707
13212
35257
46285
4976
23977
48076
70
58336
29999
11793
79388
3929
60888
2345
65199
32142
99624
3826
87877
33925
65955
60948
17449
89465
78600
95300
48676
38869
18809
82045
75430
8552
99878
57260
19983
92055
32559
27771
7165
87298
64602
85115
50757
73582
64231
83191
50100
71150
11953
25167
78534
63694
62859
19404
82148
79946
42463
6417
97230
24304
43119
29310
37898
18450
95191
18671
1554
65985
97399
89552
89149
80353
4155
2953
39680
22667
84190
27155
33884
80498
84411
45243
30824
81335
55694
94372
62847
75100
23161
89562
29350
38969
12539
80258
97852
54732
76291
11409
42064
84006
98486
12476
20966
19833
95731
17576
30327
24585
73029
27872
38709
73501
38010
63352
53626
10843
24769
15312
50412
91352
29419
3125
36247
23519
13453
59308
14869
53200
88160
15412
63700
26149
53580
37950
34427
46321
28871
68322
40509
3094
77451
53655
660
75072
99926
16466
66046
30693
40556
249
70753
36632
28888
45345
10011
53783
57201
94900
68752
47628
76524
4206
94232
64866
79250
28419
30814
31406
24749
93410
12399
8184
55877
12433
38595
725
48914
97304
44391
55970
37226
26970
9919
95629
49805
78628
46830
29134
9862
96941
40876
61270
45769
75468
26494
59657
76905
51058
18472
75439
50332
66761
28254
16958
20739
41697
47992
60579
85718
97392
94139
45496
11186
29214
64202
40043
7655
78863
75211
85872
47039
59240
20536
23362
41849
6592
2853
76698
43832
86467
75409
30284
57536
59813
51140
59509
5760
23439
19799
88361
28481
75134
46913
33961
44615
17861
15227
63840
56829
9739
9209
35603
33647
86955
36293
10623
60198
35258
24681
33474
9233
62357
36895
47072
47394
28334
90655
69801
58241
24091
84279
95412
33153
48879
82454
89050
53992
27127
30055
43506
67287
22059
26644
28619
28695
49031
12324
13765
78636
64998
86830
68405
95254
12242
8056
48957
59208
24242
93647
61545
56347
59472
79860
49687
38904
14983
75591
93574
63642
85750
86279
23300
26216
78061
72326
42273
15072
55644
49769
28991
15284
95760
37102
35474
3027
59138
1476
28870
84714
32422
59942
29084
51388
84724
46979
79766
38533
90878
68219
52597
4262
13190
22122
25512
64690
729
86276
94362
54333
60639
33077
74503
11472
79477
60724
23858
23700
24242
99790
72269
7239
32539
83064
73262
35109
9257
46936
3848
73877
83139
66266
25567
36461
40812
11533
85710
9332
48114
56952
81503
66485
88975
61357
32004
39646
633
89821
2556
74476
60634
43287
4897
65866
85857
15959
52314
31974
36689
5734
83765
56223
80549
61669
83441
99292
58080
64287
12998
58972
12647
99467
42514
34769
89165
4722
13201
36287
81826
37885
90019
59645
11965
42503
65535
44589
47055
61715
57737
16449
29788
82933
3978
11717
72167
79345
90818
83792
83752
51082
75272
86308
45459
58816
46792
35448
10716
85638
51313
59810
14342
59251
48777
56621
96145
15820
3753
86476
1043
89287
15170
55290
412
65494
75585
51774
90392
49165
13068
31512
62067
53635
9469
64568
5693
38096
7690
92590
6573
85274
17570
73482
13712
33569
5068
26977
14039
52066
2670
32828
24778
74221
10278
74825
24451
86627
65326
68491
79032
2927
48458
58055
83938
39781
56823
19167
34824
51730
20900
57857
60559
74845
62718
53331
285
75276
93471
52480
83156
98109
26702
87339
74081
64373
39624
53241
81771
69643
49582
55053
86369
96325
85280
1611
33143
63573
23122
4369
55974
3689
27829
15284
39814
71964
83526
21052
4794
68071
26527
96126
96342
71457
94317
5259
95454
70633
86553
37872
21150
96793
93383
51145
83226
55928
83987
96489
57518
90374
63955
4947
98228
90713
3979
11070
72243
21988
14288
1923
98918
24381
89377
88173
5471
97856
75793
7548
62894
82649
22068
87478
50225
3125
54411
13363
6032
51145
84312
71657
65146
46959
94974
62843
45952
30539
72325
8360
48950
4364
43324
7710
50853
69844
59385
37182
30133
73885
15966
20045
39714
9549
30712
39534
50431
95324
12005
10621
24890
91205
37405
74276
45550
96613
27141
28827
13106
15116
41695
67031
51683
63980
54490
44580
5876
52772
50767
66046
91330
54557
81989
37619
65354
45663
61441
2516
16941
95567
21160
44568
36644
47125
62959
18232
15885
39226
26985
39161
42566
88835
70147
48477
5277
67509
93675
46012
91912
78628
84222
73029
70168
65914
36083
13335
67201
61247
3511
73182
23609
10362
91538
94989
82942
98683
31337
57673
92126
36391
1858
17253
30434
51747
53350
45395
55093
84762
60312
30704
50102
69501
81562
17798
91541
42626
33291
72613
97404
18202
87350
78863
12912
24404
91467
90223
93308
6394
70704
85546
85264
61505
10185
322
75360
87787
37963
36569
69457
95027
23875
85485
90366
48574
85336
32461
32833
90588
44233
52386
94691
10802
10441
44743
10891
19418
76945
2568
53201
8477
99153
57130
22494
74862
96719
91059
52854
17997
60013
66654
67109
18427
65390
73227
71972
49597
3466
57602
57600
74519
2860
65265
71185
31414
88199
86147
67090
18007
45647
68694
97088
42835
81838
38570
93409
23753
52796
34281
14607
78748
8272
50965
69636
72259
43931
65750
9102
51365
78868
3315
74267
30559
79207
88691
24221
61220
29850
25825
19502
52501
15927
35052
26508
94020
13099
80417
21188
67564
1588
18598
12801
24964
12640
5260
78919
52346
88130
1738
1418
37184
84087
35237
19818
3863
77147
79106
73162
85939
39311
36236
84506
58803
30821
28285
53138
65211
23592
16157
58792
27874
8358
3069
49432
58342
57520
523
79572
39386
12681
69645
89629
79348
40923
85589
68485
11207
57145
11102
21213
36552
41068
6838
71811
95241
87052
50637
66860
75185
12418
85751
10150
63551
15713
68863
50624
80578
20201
42752
66384
30293
59837
15608
36055
48610
65062
89206
65445
28576
84013
41590
42244
55026
31055
36366
24396
86407
89035
363
28825
80289
4253
84168
76355
70850
3857
95920
65942
71587
34233
77745
96760
94554
65924
76354
30197
48654
35702
44573
85504
3770
99662
98955
92599
85031
52533
50124
83453
92013
27879
17141
89525
21413
31476
34919
26854
8512
75847
64611
92715
92726
77807
20881
68163
55569
52836
37114
19302
75570
90184
99864
16796
93995
20858
97218
47916
87667
96969
42266
78326
737
85391
52482
31854
95964
41297
88597
95637
47860
67846
82398
25345
15020
87136
11909
20555
97002
44544
14529
63928
2324
43620
63971
69469
28465
61974
75197
64945
82186
29916
43081
41456
49067
63081
65136
39175
54837
27888
46404
2433
47897
84375
35493
29631
72379
94831
94731
63840
94127
8599
64564
18513
88233
33523
42544
9377
95999
82744
60663
68359
11715
41888
11281
48319
65151
36166
41509
88391
24387
89510
8696
98898
55407
58571
65520
42079
39824
93281
22190
30301
70179
22633
15416
36938
13435
89435
99024
16776
57616
61019
59507
62578
33976
24244
51284
82368
37645
32573
41066
68006
53405
10643
48509
39805
30046
37437
71173
94221
36712
23034
85851
52047
77699
65869
25424
3098
38365
27555
40679
70008
84136
90519
69895
68577
37011
70065
55500
24976
9560
36943
66749
21193
85087
69114
10101
79242
94446
92099
34880
61934
54953
86173
70789
63452
4879
35618
65980
86462
88224
70372
29639
54199
18777
3588
21428
85710
79907
30
71616
70377
97112
19634
60379
13864
54008
68226
32482
91795
9308
53056
74458
39751
12237
84694
35374
28593
6918
88788
29440
22647
62456
91287
18931
94947
64749
18946
39305
78521
58513
13299
94879
65605
33565
90729
23071
27730
8097
93890
97955
18746
73504
70438
19777
40181
30253
83890
16055
93698
62359
8385
62031
18979
69214
84249
13513
17015
97857
14446
33483
88563
96166
63391
85387
75440
38081
79035
60643
78372
55604
96748
5643
39261
49170
99258
14420
18026
37918
725
57145
64582
54445
95018
21765
85060
84842
58378
56312
28020
4096
24823
12833
71214
59414
59061
10366
72345
9570
36088
54029
58308
37079
99307
70034
66583
11808
9667
42339
19695
99592
17214
65608
9093
77464
83403
61346
88337
38339
57599
39256
27127
42248
64456
24307
57494
98736
90180
11464
51408
45534
65160
54682
5054
22341
28066
44507
69221
25381
22204
79521
57520
68305
18806
90844
84546
68096
83868
36084
34666
20835
5267
39312
38739
31480
75112
17091
40879
14271
78614
97027
70287
85916
75260
4991
94197
32450
70644
69874
17146
42411
68056
70644
9077
63980
57755
29471
90174
61759
48853
36799
73880
20065
73799
79518
71190
63945
98708
31770
89119
46530
54104
59393
14148
81950
60137
83690
57457
86684
57912
47909
52976
29078
74307
30740
41496
76654
41505
55114
44563
73961
64418
47737
30354
79841
79299
15022
433
42373
75060
14486
81057
92131
55144
17170
85606
90003
2288
76265
25756
74507
71116
39890
88173
15315
74195
71852
60783
94701
