18504
87643
29756
59962
64518
99800
37282
9638
63195
99214
31454
36517
64093
95629
51633
2643
90692
6836
20269
85280
94396
66589
47056
14151
10222
85552
73576
16703
12514
14159
23647
64083
59797
32161
41873
75448
86686
68592
48304
56277
47781
38082
10651
17594
43536
64631
37155
47268
61353
52394
23008
82038
46462
54485
41113
59469
76645
85471
54027
12724
52456
20962
38081
7870
30301
28585
52941
13360
19605
78642
60325
34420
37245
89869
94081
41244
62554
75981
10514
69219
64398
72042
2645
71857
78185
36246
44961
62658
95142
42271
46290
90841
88788
163
27570
57662
44260
69574
8565
95032
74980
58166
83013
96158
8150
30147
85201
9162
95639
85147
2638
78928
60054
6007
69278
49883
17134
15594
81645
22969
25089
27341
16277
93761
99086
22002
91021
85517
94823
33960
5040
30857
8961
84458
12774
48861
66186
56230
35646
10562
62731
64275
91962
85102
14457
40892
30228
11312
13887
19591
84044
44982
35114
72148
27735
90827
38060
25791
1066
39943
14300
63408
88667
98509
85526
88672
85193
11533
12673
20085
50792
56655
98845
63225
63112
7323
72405
98838
1855
42105
17912
15929
59810
7459
82106
13640
60310
24985
19687
93445
75253
70995
59417
64075
80071
46170
64855
85609
52477
96154
36065
86246
20323
40119
48701
95605
90605
13645
55113
51685
46378
34716
78448
55213
81311
57186
15210
64661
52615
84761
24338
48022
72237
80374
21567
33274
23516
20747
16711
28499
85891
14031
28454
14721
73798
19571
86353
49806
47535
83190
82967
60132
33685
28814
70377
38248
574
27828
4841
9361
70298
1233
30907
77258
12974
96522
62065
11130
61220
21099
58818
88792
3207
7145
27074
68902
61217
29041
59817
25038
39265
93747
23275
37894
28154
77004
45111
8320
89224
83768
96678
23602
99102
70000
73941
82097
26907
74725
72402
57239
32675
76259
20243
60936
21139
4497
80805
48476
58587
12442
60703
92367
62119
34369
63025
40868
469
35549
6464
68488
3425
88963
90678
20374
62939
98159
25767
50231
23165
22205
59502
52336
98961
48652
29771
92167
32788
3458
41678
47335
98489
83047
18839
80746
87074
42972
6636
81287
64436
80096
11537
23862
73824
785
45071
20199
66953
76276
3623
54635
86747
48220
55968
24947
92062
62326
29285
37293
10081
76115
81376
36487
25645
7960
21905
88052
68452
68932
98714
66886
38797
46396
96593
48893
20491
88872
5369
46548
65584
75359
1786
77100
99717
39161
55345
3051
89186
56168
12148
38478
31214
620
32739
71966
77483
17584
60056
17125
77608
60680
71804
65056
34052
96029
27936
79656
92859
78976
58369
46244
55638
68829
48701
56769
87397
58652
72368
90743
12076
62128
86576
30029
33096
17535
56271
27740
89704
40102
95558
36794
61625
78306
19146
92009
64269
7122
77790
31136
34668
21809
11154
34878
94355
79495
89108
63670
89553
72644
28219
69894
51330
8443
64022
68181
88783
11184
31639
53622
26848
60943
57410
67924
27003
31149
92425
26938
83904
90077
25183
39512
73905
86891
95104
67215
42468
51525
91175
97258
56593
99516
60777
26805
15717
47860
72553
85879
9927
15996
74181
58184
37864
7258
60980
94440
48355
40400
24529
51172
49617
28290
81816
29444
37745
81399
94890
32609
32278
47421
78624
9943
70754
85172
59877
3877
6492
10856
95231
72568
74214
47857
76408
16661
36668
57390
52626
99369
2090
26698
77303
12343
7088
43877
42952
6356
92495
94013
2487
75406
60714
69987
87859
55626
92294
3134
27561
76261
16714
83865
33485
78974
77803
60453
74508
3867
7720
75350
79330
25874
25112
22727
14300
13542
2835
88393
63287
73724
8531
63765
96173
40361
7404
9308
50098
63239
30685
79647
63331
53528
55562
12494
95500
46892
12774
26623
39848
52099
36582
70287
83329
63288
98510
10816
98535
27479
21027
58557
57835
75358
50243
73884
44534
43046
77737
14716
98499
35275
40803
43772
74406
6319
97651
29754
9588
63971
69563
44701
95484
34053
65487
80962
21736
58149
56245
85533
15242
35646
45303
36973
27803
62690
90974
70649
35466
65256
70934
91768
293
71327
44120
2485
10973
18014
57348
9275
62571
43494
64408
69869
57657
70731
73910
85220
11176
50235
18846
41285
19626
92475
45588
57856
11471
87055
52965
7230
30184
75426
73111
24216
13906
16618
74895
40775
26441
61388
88090
43534
63157
29173
91785
70500
2304
64352
84125
34463
97414
33603
52101
84917
9616
14498
89909
97749
60072
16983
72293
12540
42221
74038
75345
20980
71094
35543
51365
46740
62699
271
6698
47075
30321
24924
1856
9509
56555
56261
91780
13123
49980
42617
50746
73305
23621
94508
81211
91251
38669
80477
88812
85084
41434
64029
16746
88122
84072
10199
71940
61685
60365
16209
42696
84731
6686
49660
2905
50700
15244
9841
21460
23134
81802
62991
47158
75960
63281
40719
19176
71739
52034
32301
61098
11801
83008
46204
52515
25815
77638
63922
36387
55224
94040
60124
12626
24851
96895
17069
88785
90111
82408
18422
7253
93404
93831
67817
45046
62619
41225
40926
87036
37086
95531
46269
6387
11916
61457
39646
47018
50322
46305
9822
92030
25371
32567
28974
19365
17517
30997
40407
91350
12365
37793
38192
98316
14289
44676
78605
78144
15849
53821
51665
63390
40390
30987
32522
65518
5787
89633
27124
91847
40960
36430
24317
4934
23640
24280
67413
76439
97770
52823
62277
57909
72018
28356
46106
89444
97066
45225
51318
93899
68639
78933
12375
59022
5691
87580
79821
92874
8752
2727
25508
48890
12083
53344
45672
56102
5147
7260
94453
57344
13831
33364
9416
53656
99902
84771
22796
76635
58405
78281
87405
62166
67001
98671
84554
78718
68698
87712
22828
71324
49977
87273
81172
18395
10044
93477
97529
62663
3702
44586
55121
69859
80328
9151
72482
89118
34478
62932
60484
37653
29838
43187
69834
8896
57568
47150
15923
8078
42509
97887
34390
52163
16304
35150
90409
32038
35177
1492
37444
24065
31907
84595
97121
55362
56510
45636
10836
72594
78180
10458
95889
37602
92241
25454
24135
74831
190
83240
29585
25339
8335
4596
42830
20056
21097
22591
44842
70989
88762
52408
30426
93265
6258
46130
72494
13148
49480
25565
82330
87599
78765
58195
68137
59486
35295
91395
4428
99193
5531
88320
38185
38185
31222
15190
74226
82974
98091
14182
1830
8976
45004
58736
47465
72923
97240
28796
64280
49748
42410
62364
98090
95301
35660
36720
1674
59775
41969
7749
4459
28375
97670
89036
83070
45568
775
83761
19697
87144
20241
91868
79883
80357
48002
2601
89074
36590
4423
48215
38173
53238
47765
38512
2302
61966
31308
17847
14174
48978
97985
86310
93639
49635
1693
5049
98448
24521
96878
62022
27693
56982
43568
8957
79066
73182
33720
92876
33820
74901
56562
96278
19186
92562
85529
68925
76999
11397
87517
81130
49449
97203
26296
53561
78076
49786
56299
21793
553
41978
80418
75185
21275
60039
76004
69124
26416
47258
76967
47307
11861
66769
36694
26401
93310
41848
86425
89331
71842
2378
46809
5364
35361
64725
46554
45295
86610
98884
51389
88229
1797
91587
9010
22838
40402
96942
71246
30414
46347
77220
63359
99645
3478
75571
32237
63776
34174
29719
20138
69649
58909
31114
78767
85096
66731
57555
59589
26253
81851
58927
90669
39596
49938
55528
77715
4829
9216
16333
47598
34246
56064
20596
86303
31774
62617
70345
10084
40628
54703
13615
48538
52372
12478
58672
11379
72119
13248
8003
56873
34744
96210
17540
79246
45167
92237
91331
84766
72138
28328
54815
31822
59419
85968
10870
68959
30839
65415
71975
16704
56468
83781
79109
3902
15941
13813
63423
87390
41985
52381
80246
55000
52280
92938
46667
36225
81002
64616
43688
22292
2763
92102
1888
27984
1111
25074
75554
11222
71375
83744
24390
3240
63344
67911
64219
92138
63126
80950
18482
45650
85504
27289
895
55157
98203
52159
86267
32309
27704
5822
81273
92034
2592
30941
89893
11302
74889
91412
79249
61687
22438
83740
90751
75602
76100
97873
8729
21006
34406
23480
94153
27457
25249
29729
14559
27593
49313
81906
53000
52394
93170
96585
58560
46076
31287
78570
8955
46993
45709
27445
91714
14627
79730
49341
74640
69572
7626
60387
28504
53341
46347
22336
85366
7911
57060
7970
64415
21097
84500
54156
73920
83168
60346
23778
2633
52562
53163
64326
46922
34123
81922
20474
80935
31964
22734
30821
66257
50894
29113
14770
14804
85277
54980
34576
64122
52255
16549
99700
97772
97466
54368
65863
45171
25708
59983
69579
25009
86422
13062
30437
54306
74453
34275
48050
31186
90240
