22716
34271
30848
71015
92997
61386
35912
85239
90000
41926
36659
49646
41472
47206
36211
68338
65602
82372
68013
15813
91024
50479
57927
87881
55918
42798
44055
87290
13410
79181
34232
35072
8019
19971
95339
35470
3663
71917
10809
12194
37567
14477
13163
76869
46381
80081
96910
86698
60935
32145
43837
97697
94247
98016
47467
22290
53799
30542
6399
55629
93509
91570
67279
43676
83468
73441
37280
27927
16220
442
53299
16584
87209
81138
90455
37
83980
14698
16018
49733
93851
89516
46574
13817
92953
50858
45979
50354
10914
55748
9611
19533
74929
77933
16428
89936
24539
73529
94522
755
54192
68822
38123
61818
84484
85720
34450
66304
84960
77437
7304
37273
71451
7310
60980
28388
79158
66960
12861
51728
69006
96568
35958
11063
59310
39623
93693
77755
87362
37292
38402
58165
96277
43396
62290
66477
11290
20035
35009
34850
16656
55973
35545
64033
69425
35204
87774
41890
89557
71456
38817
34727
47221
15922
77250
86850
27562
40117
74254
47529
90845
93536
44943
81303
61604
36633
69400
7541
74244
53682
83375
58220
74557
57187
47092
39085
26683
5766
27329
28664
3277
70819
82672
52048
42993
3784
24779
21942
43873
75426
39525
48126
23809
81350
91038
78355
19985
33799
98958
48607
18062
88833
74621
88678
98803
90074
25435
50335
64987
45486
88358
99510
64628
92019
33188
41494
57915
44468
84259
28653
84714
69509
45216
33853
77112
73636
75648
59638
27171
44611
60689
93111
63937
40015
35089
9549
15692
73657
71772
73987
33575
10816
21614
89287
30865
46688
95883
91694
48624
8913
15768
411
92837
94676
14403
86434
781
25652
65986
37701
85105
79904
33858
62556
72918
38899
74829
91574
4184
69892
10575
9024
78794
49201
78573
69509
44932
20277
4845
32828
2677
71966
98689
80604
56283
17009
55593
61977
86139
48540
68716
52421
27174
53283
91580
99729
34291
64082
65044
74252
87404
41582
20153
36676
38727
85117
95131
85942
33224
86214
59551
52346
39433
54671
21656
56427
12389
66759
5792
62953
72936
7867
26139
21103
28466
7793
50146
96928
78955
95873
40530
72187
49146
35284
88223
4894
62821
31102
292
21203
28335
45069
86680
35698
35925
91550
97487
77734
76783
33768
98568
35161
81474
47155
37386
13575
41022
67568
43329
49181
17802
96079
27117
6440
75378
89225
92473
37824
56518
23799
49863
82356
16817
88711
26932
32048
77749
22892
3133
879
97397
87873
57120
89710
69742
36422
4610
52287
54092
14501
21708
32472
5095
12792
94110
60876
20745
66203
6130
70275
50882
84981
85142
13512
11929
89470
46843
45003
34932
12034
44615
57571
33465
24314
12346
49982
15538
45710
4178
37409
79384
89898
76981
6960
26850
10169
31732
63506
72
11507
28526
7199
97230
7596
16611
33424
51394
14294
75602
48333
62820
87651
46968
48715
59531
34153
45905
23613
23603
43627
82861
96928
61324
21142
91284
45205
14212
23220
53564
92842
4872
35820
40666
8157
86760
66795
32626
98086
20154
63913
66867
26692
27953
11037
69180
63265
94449
99674
58287
99459
57749
20877
79023
61745
12307
73349
11502
85390
81833
37595
23987
9241
44842
23132
85790
96795
95179
55970
33112
88332
98119
36998
85584
41345
58943
68392
44136
22067
55390
14799
61876
69573
97985
38800
68820
65775
72949
26032
48592
9540
91256
94367
10625
11252
14376
63651
74946
95316
52331
47790
88250
22432
32926
19318
19799
20889
22353
88107
43557
46710
36844
30498
99022
76176
22650
2902
37384
71042
97345
74760
1895
46752
39286
19815
61782
16966
84062
11709
17550
83952
36830
80234
22172
93689
37691
97906
17478
76972
23580
83049
67942
53375
14624
25197
85101
83630
15538
61393
75016
17779
63320
57818
8454
1411
71378
80217
8889
70362
17191
68678
76956
85437
95685
67626
21647
33037
13762
213
48319
45020
32728
17847
61511
71676
74873
190
76586
75410
98031
28722
98382
99521
7684
7865
17331
6413
20008
61623
93939
72655
11256
90877
51022
74482
88931
36675
69782
96642
98474
58273
90575
49959
35492
1176
52145
88514
68063
47
64111
76079
86224
34114
96697
63211
86485
28597
88921
1393
68057
74653
21935
38643
64461
22482
77674
12242
59257
87503
4702
78495
37902
97860
42866
96936
9033
3042
16328
16924
88003
58026
90539
98256
73057
95100
2922
34290
60264
96409
19272
35942
37187
84272
38328
78058
67219
53435
65477
5796
26635
79685
3250
48011
84617
52651
60995
87044
22858
97069
69086
89918
75839
66485
94026
14594
35441
16056
89955
66796
4310
87048
89399
97834
1222
64583
31457
1907
18662
2358
49198
92613
7948
43284
89676
12628
20436
3382
19766
58042
64703
27781
78935
79339
49063
72286
76090
54748
66389
11740
91818
18467
43909
27281
39598
66244
24525
78604
59994
53828
68142
24460
70372
50029
61622
14883
69326
5405
4182
42013
99801
50078
91404
2890
7812
39704
55512
97211
94677
27352
32146
55820
49855
50831
14605
71550
68769
89975
25379
83061
5383
66431
81733
44448
82871
29717
57251
98623
87335
97617
44430
60886
99354
96414
4784
10581
76027
77053
52375
83371
82225
66988
54313
54418
83918
54310
47448
3634
58727
90680
64363
58169
49283
42647
33738
14438
83468
17162
70228
52238
12320
36354
97269
66882
71130
39148
52525
61794
52198
42798
10196
63613
88735
6160
16983
44639
88559
98313
79249
63312
23520
91080
57735
62418
76005
62080
23192
96863
67405
16131
1375
98088
45070
7121
89049
20588
84100
69934
54052
57515
68193
52568
41875
56934
49832
72269
98863
18107
54225
6337
87838
98015
83745
68193
15806
12357
99962
12349
15367
72386
8959
58149
21569
59196
52236
21430
64140
451
10317
95707
51411
81055
59075
30059
56680
88891
79834
9580
30408
69504
13447
56064
