55135
54203
3549
4608
73471
89369
36053
50309
10387
64519
95516
45190
90391
50886
69669
57219
14151
48822
13960
39472
7868
21956
7588
23705
97167
70
37041
24448
33777
37271
30369
37117
204
44149
88938
34856
92731
47894
15084
43090
36283
72702
13878
98257
16044
74314
55097
77719
20198
7154
17560
21574
75745
50295
2132
53877
25087
69347
91982
50741
34905
45387
59112
95846
50833
59151
64678
10084
11543
78993
77311
41369
14043
64464
38411
53094
78382
63893
36322
55292
94393
53975
12297
81217
45716
42100
10357
23922
97081
28092
408
12313
99645
953
49400
24244
16176
28421
88854
5416
92970
82328
28723
87135
8604
31182
97364
73445
10978
22861
45286
98725
13565
74960
36383
40495
59415
88074
64530
9039
77122
98182
75690
25358
46893
88300
46087
42052
66740
86704
65573
57911
59000
89276
1913
26319
85539
56899
76559
60013
46388
55333
65365
90302
21025
24650
48716
47550
74089
88029
74745
91540
88070
35617
66556
35268
4341
48153
99809
73806
50888
57187
541
51036
10174
73969
64770
71391
33808
57487
81209
91183
42040
33597
46311
4648
55566
21860
96946
73544
94730
74423
50112
35950
46924
82179
31410
69854
46865
57429
94420
80186
36345
59412
81619
24140
70213
89325
54176
88955
13515
44804
22735
88747
31102
90389
44195
52582
5469
70085
10542
34630
31197
60894
44950
89102
25082
42093
37644
17568
59900
34009
99441
14359
76699
42185
84397
6926
55649
28084
34687
12348
28662
15854
30582
8625
98369
36186
86345
49959
87507
2918
18855
38928
80351
15794
29980
5238
33588
83685
85961
30727
27819
66534
47494
3331
2909
41485
2757
78923
70455
8847
82234
79240
24900
66952
89037
56585
81138
1487
61291
11523
50947
54452
94188
58495
33183
60729
88515
96102
33390
66045
59683
53735
47313
69182
36751
54295
39803
63375
4439
53958
25669
87104
92809
94226
12287
32879
99042
28973
95088
4097
33703
69750
6557
54697
19862
26297
6938
94086
37650
6044
70590
90685
99077
76307
65767
61460
58367
85975
47588
91912
11611
89632
84029
91277
16159
16429
13035
51044
65012
78428
85157
41418
84335
18700
80609
49987
83281
58186
2252
39577
74456
12109
36704
78201
663
11690
44644
72983
48930
84976
88351
22058
6430
21788
29598
83750
14477
72097
34275
50643
6654
4610
1424
7728
74967
82861
93880
48388
93998
99868
85274
19767
47169
49144
53911
69933
41534
99884
47860
73264
67896
87131
17562
17590
61612
23987
62393
46904
46090
92198
65798
66822
95778
69917
99987
36469
38343
10998
65660
90114
26784
98876
94797
54613
51384
59889
85308
54621
28676
35869
55161
26496
33
83850
580
94007
95999
91982
18018
94156
74157
75020
2820
79835
18120
40216
68840
67532
93115
95002
42753
42930
89692
1546
74388
85001
51242
70078
70165
20072
73276
22826
510
71338
82863
53466
54156
26445
55122
53184
12285
5991
353
73765
93728
79205
60151
50556
78754
39542
83783
13735
53481
22568
17126
74988
29518
21273
25629
88535
84177
29814
90046
50357
35457
25703
59100
17583
12937
82585
16772
1143
10853
90997
23568
9154
12840
52882
20901
95899
59155
7142
45638
1880
86692
38136
87902
54058
9686
16773
39359
32272
24720
24761
21535
97712
17523
16537
54096
22423
20968
80563
21561
55014
23847
71903
23591
7016
58154
1406
48769
46838
99003
83282
94704
43787
95758
62525
68322
13329
15553
66373
39370
76588
21105
49870
87448
62006
23576
34611
78281
45178
48201
71878
28494
44034
25494
96611
69807
60891
74104
77066
3344
90319
72671
6497
42675
92322
27583
27822
80233
64068
31069
30013
75916
30164
69828
5801
58961
11450
88215
14301
54601
25351
31992
49308
95531
16992
98750
74233
54886
19629
99315
48061
42219
95367
90824
33201
36862
12714
76604
45720
94100
76206
80601
81237
48755
35163
94829
25580
58038
63564
67140
38376
70965
21107
43611
79814
85154
76702
4926
36126
53472
99981
39355
87659
32807
3809
76298
54964
25130
51404
63797
52928
47068
25311
11063
80724
78345
92328
32743
76258
81746
88408
25541
67781
57681
90621
79744
62454
94938
39479
78320
21926
5882
24202
64489
88355
89158
45990
64978
40804
45841
29888
40683
81580
86029
64558
99046
74824
2030
11077
43156
85567
51573
36799
51471
96425
89902
98428
78993
11291
13111
19606
45847
90585
26789
82650
32435
1037
33779
81505
31678
4467
42798
63570
18326
54645
35690
21709
82943
19099
95235
84602
43854
93588
87746
93536
94224
30965
15064
46763
63386
63304
99124
38812
71663
56403
38918
21377
36116
99142
84444
64914
41019
96714
5182
5610
21340
6340
91638
21077
20082
26851
17659
89969
71085
29405
8543
55622
27717
95587
5328
31917
4877
11299
89217
60741
26800
50068
31735
54733
76413
67816
66013
36469
23311
22608
32497
15764
66897
27537
38407
30504
68855
42658
84460
13210
64805
12765
54611
35488
38870
61800
35025
25580
16852
61818
26986
50425
83789
4686
45143
2962
59922
18075
47253
37836
75425
83796
24506
54242
68722
36176
92544
33333
95842
40915
62453
99428
78935
80745
38286
89216
40980
3213
83091
81190
70632
18049
18946
58759
36294
66821
78166
54796
21706
25967
2646
52815
86679
45796
96182
549
66106
72671
70678
25378
7945
49363
91300
27887
16619
39403
17906
69756
12104
75323
60516
65279
36974
87737
15101
31972
43738
32525
22648
55058
73048
96729
99213
73065
89715
30281
17639
97332
77904
20326
82581
36902
9516
97625
29697
12117
90469
40445
97125
5157
58436
20302
62776
13825
52583
16095
14512
46101
931
8379
21938
17258
74206
53949
8325
88829
36374
32367
79081
19234
81540
50738
49239
79582
84483
90745
26570
25006
7827
82880
49236
1784
2687
96779
47285
13595
11605
43711
95857
66459
32703
97523
54588
61187
32169
53725
42522
4651
98581
62895
80737
66734
17013
94215
45916
18488
3481
7721
17267
48901
81016
39688
66481
72542
97462
34628
35828
8495
82141
89461
73003
32116
13529
10692
43036
75520
23406
23828
17330
80103
94218
15716
47810
85000
15898
35180
70224
69055
55984
25036
44744
50702
62592
9468
34373
90100
63644
14751
42007
30916
47744
58418
75571
65363
12159
2256
87307
5412
41625
27858
38075
95506
38009
59979
70412
7736
55354
32582
35183
19051
7427
65200
5763
81966
5600
93112
31008
65113
53765
73863
23681
58083
73926
74763
54499
6191
61248
31249
23697
65091
70524
54407
11703
42653
17393
57414
68508
26026
37123
65312
87295
75555
81340
70283
22078
3997
48830
95453
51383
49441
40391
34281
60405
93405
99662
39694
12616
71759
51984
47406
8467
75464
81543
31219
83592
40530
93406
4618
81857
82186
91537
2603
49603
36927
66476
445
36630
37950
27066
51933
56712
64380
29499
58704
55877
72816
53892
14338
60200
40870
53717
2202
26534
26708
56625
64348
99372
76044
26560
339
84952
88609
6522
99451
89763
89782
48940
57481
34737
39924
6343
80261
48744
53875
98856
30000
65375
96131
97027
27659
95550
63444
58586
84880
25165
65869
35961
2320
91739
69738
