4961
76117
80743
81981
22145
42345
55236
93143
33915
40569
1322
10562
83602
49676
44753
47156
56373
99330
41272
52996
88184
82649
86190
4508
23045
50096
39573
93898
41885
98192
80587
37152
98877
39451
93725
30789
91806
15781
6907
52495
61938
96624
46856
18810
65770
85219
50709
84270
86201
41635
74446
90670
53832
19606
68552
52609
30480
5688
49181
95998
66462
43893
79180
49947
80791
26727
87458
29218
29157
34402
97473
34411
18409
8031
6046
40100
98244
49720
52200
37316
10867
52742
42433
46122
7659
78338
53580
16427
48194
12218
17355
90787
81446
53439
1674
11616
71620
11106
43049
17034
71748
10222
51610
84561
67054
37010
5717
49879
7068
86151
76679
49122
20556
7667
75739
7439
60548
89517
95287
24039
58119
53504
24141
84467
73037
86716
52817
64591
16974
78470
48829
77543
90728
83615
74371
54857
20731
87044
39120
46064
2102
1414
29459
67221
55587
90295
32066
28172
83973
72383
74597
20754
69886
28892
39105
55758
91377
5871
64880
95127
44286
75962
46540
37689
51090
99974
50505
81687
4813
7666
18372
5391
43521
99254
99284
78331
76042
54408
54995
39932
82761
23900
11160
59838
96701
70546
86276
24748
29553
20724
15722
80272
44945
85517
2528
93152
96932
11375
68767
89126
45562
24242
51898
64762
33322
38167
88895
67824
56395
9727
57683
89990
92844
32919
170
18236
56230
85730
34085
46739
27600
59176
71856
59839
81420
22397
3933
58444
61706
3232
71244
17168
83512
92754
46873
27592
31830
14312
70593
4198
5143
32942
31552
3873
4009
19334
74182
37295
96469
24093
10309
31096
1506
62621
56513
33381
19390
58731
79882
42006
3475
45964
27663
74944
11845
79592
36660
95156
99197
69421
66807
48552
9433
3752
79983
72964
7656
98250
89925
88486
46631
69959
42012
85093
97214
6354
42713
82160
84876
72045
47681
46308
65164
71647
34712
18946
39773
66332
33257
22940
61910
23706
55664
89056
4689
65896
77004
67095
69550
69133
40124
64126
93020
59605
20483
82762
69629
44985
71330
16124
46367
18800
84004
92948
59817
75680
40354
56247
80913
79525
4734
1985
4291
33774
1550
428
69246
13189
50982
72150
27577
29980
90312
93103
79913
23552
91183
58742
86619
82843
94155
45877
21949
32925
21087
72745
80848
43445
93145
72730
66670
45482
77676
65236
85006
75532
10679
28401
43975
559
93318
52659
14495
16470
40646
81596
35436
53846
68681
27121
58022
69394
41966
79651
11433
49355
67915
20839
37300
1962
16550
86302
84612
70058
64622
18890
78564
52104
11661
99201
76912
80080
92134
39398
5689
66133
12726
78800
22445
96346
76601
25291
89646
19643
17594
45280
53489
52563
56420
16789
14090
96558
8258
25126
41854
43437
16513
98744
41825
26733
61063
54014
92888
62010
90967
41983
91928
7503
61412
67648
14405
68009
12557
82790
62276
59551
13989
37175
7769
50098
12668
9671
57272
92516
64502
30834
53429
69918
126
51541
5500
80698
73982
8464
88160
822
72459
86474
77112
74282
11638
80530
96268
99174
38100
15154
35677
96442
57284
88291
62037
71118
53050
68175
84285
1745
29371
86758
55675
22700
519
41320
90658
96220
79609
37084
50034
6242
67049
77966
1034
44499
20227
40024
90350
846
93655
42762
77598
14412
74867
67105
64301
89926
5476
55703
19212
34436
69129
71148
44611
23668
48471
80760
50228
64374
1791
82786
1500
79286
86666
88190
87127
4670
62713
24609
7216
56983
38467
34681
17773
94742
88441
99584
79940
74507
55565
30465
53027
75721
71531
35397
39314
48176
72926
87532
35504
17998
64605
91339
70858
73289
83416
68111
15223
38960
45151
59394
21550
41783
15539
77522
26932
61305
32094
16162
73832
60058
17835
70578
28856
87334
70140
7260
70299
54834
78431
65645
87648
89605
22919
70834
86346
79946
33278
85524
19303
43340
40940
31839
73043
61965
41573
69278
20798
50981
95367
23712
17485
47530
31898
24165
52226
34275
93641
19081
92898
40292
47581
11792
54197
94291
17960
76164
95773
40346
44794
87653
10255
64749
52633
32478
92267
24056
21914
38179
89092
9060
91315
2513
21162
27158
83649
84452
26320
36463
40160
61014
25642
19027
68456
46699
30560
37646
57881
18494
11143
81004
92760
88748
23622
65254
98756
20639
51552
26677
90490
86536
49542
9660
49579
28232
91016
26997
51457
89861
12234
45403
76580
59245
13635
28124
87066
71474
26529
48666
23326
99733
78287
74900
76915
82682
92362
11211
25628
15171
40870
77828
74754
59589
26880
1132
34450
18889
11214
86460
77356
49117
14227
45841
62856
79215
16934
57068
84792
48952
57781
37660
97998
72005
71490
27512
5639
80552
44601
87423
44171
10165
68711
37172
85624
39355
56851
76470
87934
6833
51066
54848
63241
91336
89976
82427
1333
53843
23931
2522
80826
10044
62379
79161
24225
22127
13121
87852
4636
73271
26381
36302
91730
15673
87962
83319
32426
63477
15214
68725
97821
35713
97159
14893
92053
41128
85830
11376
11061
36749
89729
48116
59612
85086
42280
19839
83524
81075
18263
84500
50633
19171
49421
22029
18890
23436
46786
6116
62834
69068
71747
71412
90749
82454
10478
31284
73974
18696
97066
77125
27112
80474
99521
69233
23291
60182
29833
11407
2172
58464
64340
86641
30066
56596
63869
19713
1291
97605
64502
23927
27814
61564
69251
83920
50273
4225
8542
24209
17618
64928
53139
13995
24899
39708
56970
62792
69137
58559
79292
68533
81768
2013
85746
90098
22775
41505
56052
29553
76443
90461
32463
25921
71560
8568
27555
81925
59930
10416
72529
67886
26223
91499
27940
72851
69486
99506
97589
2031
92003
46909
83312
51753
54802
82022
93476
28371
10693
10064
71235
15995
5547
83141
39935
39355
46444
58697
72517
12797
71304
59607
79406
14102
18841
55969
75045
72762
89911
28518
27117
16299
11760
66736
14455
75375
65222
847
19751
8666
11537
66249
61373
71895
60307
51361
24974
21864
52948
85431
90029
16013
97096
81544
59059
40745
76529
61876
87975
77662
78498
57203
84898
95836
25741
90709
91695
40394
73997
27366
87652
72936
37504
94439
57864
7681
34747
56133
50309
78739
4613
55963
5025
68563
29187
24108
76418
25341
13543
83842
85445
98010
15178
81061
32264
21557
86177
4005
71923
92401
89685
56458
5744
83914
78957
97017
69303
65506
82030
59496
4218
5217
17974
25042
85476
55365
81706
25290
38592
43586
73526
17659
21619
17447
16799
88847
65910
19842
2645
10659
66447
4492
24004
93469
87710
36145
13118
56965
4238
58416
76272
65232
26407
53765
27507
53825
71405
64672
59096
10166
26992
92886
50703
55399
21367
44461
11449
15802
56274
42317
69506
64910
82500
85181
72389
63695
96973
92027
37761
25465
18922
34506
99359
84590
58892
26367
25568
53720
28880
8484
49181
12863
54464
40889
36070
85503
40512
89044
37766
21867
10916
70642
18343
27549
89741
11305
19567
46841
16332
42842
29901
34492
90066
66080
52764
27014
21872
91804
27333
55240
29027
67957
41230
23539
47415
99020
88586
17881
51094
64353
69262
94913
62896
46294
95412
47269
11761
85940
70120
36507
42586
94794
29489
34417
12597
63814
94363
15856
14613
27944
60742
1843
52028
63812
69028
60350
52946
21019
31364
34012
51614
13372
63632
78960
84155
25353
64073
67010
42586
21308
4049
24652
6168
80041
48100
56601
22407
15911
251
29108
41325
89027
81439
68787
16127
51748
78938
66425
70975
26472
72863
62038
2293
60567
37074
27400
23893
58288
32238
55307
88178
46687
57347
11068
15766
92732
2625
992
44109
52269
51559
65119
62041
97947
12712
6973
31635
42851
22970
31840
11371
49350
53080
76865
85326
88552
63606
81219
71946
94741
4810
62638
32947
41322
27558
37856
27960
50041
73962
48727
63793
33633
46271
33319
68497
63539
10440
11793
79932
49003
76846
40588
76081
11541
14740
25259
90134
39747
99381
72222
47167
13312
61124
2773
31244
92335
4348
48895
41846
78206
90712
99725
26775
65759
36037
69943
85010
22866
53027
16979
17471
53293
83067
42555
66257
21387
99488
75943
23620
43035
32003
51255
10807
76345
57390
59119
23876
77635
25070
74319
18668
23559
37863
35287
60357
38577
87994
78752
94354
8499
56347
13453
4783
5428
18979
50486
14390
97220
69081
94695
45420
65429
54846
41425
4886
9713
54134
16070
79600
73829
55331
39983
26442
88562
90487
5695
21575
90345
71581
96757
88645
40808
13687
93167
60481
42141
89842
61968
41433
15895
51578
44447
28161
88724
66366
16326
15583
7602
68637
15353
61633
89130
94557
1943
9591
92847
72430
42805
69958
96812
70354
84939
45215
45243
60686
17960
40262
32605
46891
6392
38933
86325
12532
10383
42710
11165
94423
3260
61604
62300
52381
37378
19156
21271
6561
5922
83571
59244
40000
97649
65276
85381
18803
43976
27493
94623
65276
13399
40915
48838
30407
16933
76162
48019
51184
50031
68432
74101
45592
11459
7571
18975
93486
7583
3814
40409
75108
71789
54499
24824
90666
3033
90302
74265
64168
54961
10885
76417
42627
87630
29318
61118
37782
27519
32241
94616
21650
68371
28443
13648
79484
85310
2391
55468
44153
27781
11222
97044
84484
3026
63783
76926
96741
61129
98558
36649
53258
45130
33648
85030
95082
75223
96449
58388
16586
94807
53271
22417
79115
17922
49861
37350
8057
82575
42644
87073
73108
32513
47471
54919
25058
21204
57751
14199
64079
56080
87073
89848
44263
78578
72775
39091
77107
6022
36387
93673
82632
45151
34465
3924
51024
23847
49064
25837
19939
77616
60955
96324
43037
70390
20629
48938
23854
25455
82281
32632
15764
91593
94137
9472
43576
71988
44870
23737
85223
98994
50315
54483
63042
46578
27271
86374
33273
34047
41943
59486
29739
89615
39376
87780
13035
10441
57244
68073
113
76944
2425
36593
803
53537
22052
68582
67602
35349
32030
57896
72956
81070
75524
58229
64317
5759
71506
15275
11401
94259
79152
70082
52367
35801
47767
67810
66043
73466
43852
63274
45859
8344
47046
74863
27814
97543
84892
1850
29583
37682
32719
86573
90773
31001
39420
72628
65401
89985
52483
82939
6782
48156
6368
17475
2348
9666
7169
49379
61288
88378
93478
80380
31469
58304
78440
1669
23723
61599
81248
94722
51407
97760
37652
98138
51024
48201
38524
61119
35744
74134
83139
2017
47813
62441
49539
91247
18138
84195
78189
81830
11730
73553
37141
18030
36239
30925
86967
62722
17450
3650
91990
97577
428
99832
30671
66608
17886
46594
42476
53266
78376
12649
11166
4039
66111
76950
25142
37363
11444
40083
74374
5676
86498
43175
40356
10570
3946
80235
10681
6251
48603
64192
3016
64886
51284
34346
14625
18932
22301
73465
23045
40175
97966
36508
51137
62943
17699
79742
75438
9839
41536
18961
595
32375
38333
38591
44641
35966
23420
19654
79959
19039
1169
53876
53010
19371
72709
63672
62249
27278
1920
53304
8123
94902
93895
75195
41638
43613
29201
7204
28719
47398
14568
1617
16421
49125
56032
84650
34019
48713
34106
56476
87128
87456
62208
66098
6190
41172
39353
12822
92042
26318
66045
56658
60737
17858
78315
3677
27394
75415
69032
69144
84570
75130
7890
11219
24500
48644
41885
71054
26520
37746
56633
51334
81094
83496
5537
14603
50068
81997
68595
85175
69146
55513
85566
93974
83051
7228
19222
14374
66403
50730
43589
98893
24118
31156
19365
41538
83939
83957
14119
58707
90691
9351
48380
2676
86975
75812
430
96080
18200
4291
82364
3200
31227
26396
7909
34448
45367
54376
8521
14132
62056
48492
18443
28395
45287
18284
41691
10171
48681
48177
34341
11063
87092
95069
84042
56239
50723
65750
45305
77757
37942
45390
93951
74176
39351
14861
96969
49877
40131
64252
55087
46196
20276
82720
64532
88315
23053
80669
61708
36762
30884
79297
59976
50470
34806
84617
61195
39520
8760
48387
26415
10005
3204
6687
19830
80920
53864
78444
98061
83499
60940
812
2841
37180
31639
76054
29348
33127
94696
5478
84724
46227
89304
89970
21709
39521
2942
83788
30866
21246
82601
98563
1541
63931
72200
67785
16468
97501
35272
98611
27854
43847
6537
57417
73806
69046
78509
58293
33133
91219
70055
49545
83824
96973
42666
22296
25929
87400
27134
97367
53096
95851
98488
81916
8684
93974
90207
25664
42149
29972
70118
48043
89315
23595
9827
52252
36182
76068
67160
89926
90069
39986
66784
91034
74191
34127
8050
27609
82168
81231
51052
37039
77508
92949
32013
90921
99754
25509
37318
58837
43783
82087
21862
82920
11651
43403
91870
48729
97408
66814
84912
10669
54468
5929
70602
6097
12419
67752
64267
71256
55543
42424
92901
54298
48873
11801
77754
5921
99262
67440
1192
16511
68728
46024
6761
60206
15250
20768
40891
904
22228
71112
82257
13002
91964
89753
20548
70536
20832
76072
40239
62389
44198
8025
36927
98362
37677
80793
