26979
43696
44218
96826
68519
40721
90588
21016
44878
11823
39063
93232
13281
66079
82469
71976
63958
47135
28947
63010
65611
80589
5103
92552
42824
36862
15760
14125
53897
20727
67513
50925
22051
18325
74327
84261
35581
55218
2579
60417
73209
44948
80234
3269
29782
36524
90235
88010
14404
1448
91767
52551
68194
36084
64649
97499
2097
93596
51970
53007
86511
1184
83915
71408
33960
62925
1843
38203
3661
96365
65761
80806
22539
1796
20694
94382
61092
17236
17801
97180
24491
69196
34666
73972
19395
89610
15833
65489
35161
32673
59438
14230
34528
91826
8711
82550
83258
86778
68144
17650
60889
63171
53298
49889
85404
23430
492
75795
53530
86277
8022
95206
45316
54576
54129
43178
66750
56393
38542
81590
7392
12544
24249
92845
71360
75418
14051
48618
99459
78475
82463
10283
37863
33583
97725
54496
24456
14233
10949
7318
57824
66682
59828
13364
85810
98179
32903
62620
701
1732
67003
46918
56284
90189
5295
20474
28394
28963
26255
94483
25042
76332
64950
4441
14777
63014
87135
50681
82720
68571
43980
27567
42487
81245
30662
24833
29248
59897
95560
5767
74229
52039
98477
41239
14204
60274
96092
6031
20866
90992
40751
24470
44452
63798
14745
86089
53555
7882
86375
38818
18846
22450
66411
7184
32198
32306
63926
76044
74750
26836
89070
26576
47480
30872
26944
10562
56148
19310
11600
1445
98742
53849
62022
66205
38107
89864
3036
60799
54973
74147
83236
63703
67362
30178
19289
27065
71180
6534
41418
43029
3783
46226
88359
93972
57395
19974
1801
79740
72492
54818
39
92382
22594
80975
68542
39460
61402
14473
91133
712
40793
90840
59641
39643
23931
66025
42207
81579
11577
4712
60773
12765
71668
83329
26885
51310
12337
45302
11549
90064
66748
59483
79700
13969
64485
49193
2721
50005
48711
78935
73528
16520
60890
8605
87843
565
55603
50884
22613
6790
26835
96524
37910
89524
24084
4351
52195
859
11725
88067
92488
61866
78316
70319
768
91516
33840
15992
85845
8452
42392
1330
45969
54432
25381
23229
51610
75103
36067
3930
70131
33684
50083
339
34469
26222
38569
84351
6499
13265
90657
20769
62404
82110
30241
32827
32134
6238
28333
11816
58016
74106
46790
96923
98518
18153
61753
24181
92421
86703
5909
19278
15875
66386
37506
87995
10250
80764
91027
40152
32232
62030
89543
68226
79263
16995
1961
90155
73216
85978
9759
57346
43096
23809
7243
23572
33623
15849
96995
68143
80654
78716
57864
67650
36767
85388
56730
14586
662
97391
47229
88250
2621
82981
48730
93621
24905
49552
27070
97259
90768
20930
4917
5786
38649
45791
14082
52141
9183
32127
64722
77549
11779
64500
47067
23026
4852
75768
197
73247
19158
13033
79320
27726
77252
58746
28136
9523
13730
42239
16062
60062
80705
4362
31487
10147
30878
58514
31641
61905
6614
25002
37309
64119
27550
2513
26312
14313
61615
80414
23545
74939
84677
88649
7321
48156
82638
28223
51874
13934
26393
24539
4092
99616
54912
98338
48911
15535
34571
54525
52255
60965
23916
47875
83017
77393
62197
96415
6303
1998
17298
78245
8988
53233
74091
65582
65633
62518
17783
21055
77885
51318
68494
5561
23727
41261
53067
24440
34269
76433
58039
69298
75265
31657
93738
96498
48123
78268
13613
20162
40910
79813
75216
87438
53695
94096
99637
46900
94540
65106
84748
17101
92563
98637
54270
11635
2700
28784
79451
79493
83161
98989
93060
75084
11026
960
26446
80958
64046
37530
39552
68107
37417
1392
81074
93646
83164
90677
11368
3750
56716
14439
44221
30913
30387
76388
15287
48909
86665
63583
64770
76285
35583
8298
29820
99760
9907
35909
78190
22636
79481
59394
78814
30093
91785
31934
97280
3222
89609
23091
24588
6701
78726
41169
96078
21201
18550
84634
34130
90949
86950
68822
52967
9290
26808
40692
96852
70675
16295
64003
43968
76192
17525
30034
97441
91557
48899
24859
2267
21444
95332
63203
72296
82094
17532
80995
84957
25314
46583
64046
3094
91335
53312
78594
13040
45393
63263
61017
25981
83498
47600
18616
75694
76530
57805
91122
59906
58622
87824
23475
14805
55734
41106
4416
82626
93387
51993
32570
30814
18705
60992
81932
7879
21258
71686
52083
75862
39611
23412
4929
42262
96066
98261
9408
25262
10773
43609
38362
25307
8197
32059
87629
43319
43884
99552
16456
81290
47508
99376
40412
84501
99411
84879
43273
36277
32121
86949
12719
95991
75815
83628
46168
78924
47232
68744
17734
12619
15237
14013
45024
68554
63077
84791
45377
60206
7275
13519
25154
19020
26196
56851
2814
8323
97519
62577
26763
11865
43132
50664
12344
38490
32454
69079
88853
17309
709
19553
17054
18823
97400
61011
10481
26565
92035
89150
69636
1150
29103
59462
17234
24006
42354
68003
4757
81609
9642
29274
45837
52699
53905
93837
20368
90744
73277
29602
84759
51818
13925
50227
18343
4115
82880
11644
33741
69454
34925
13459
79848
89441
57601
35821
70097
79341
21392
14331
75815
31278
58394
5647
34712
55001
82058
24675
37930
99274
63054
40585
75610
79846
31864
3352
40504
50984
87402
35131
11988
96725
52776
61493
68640
85286
34260
76399
6606
25459
7581
31753
73070
87405
76857
17484
59419
1853
25807
51334
37060
31556
8303
28844
60355
16727
5916
93555
5775
32230
13774
74990
64111
58462
2893
7730
53484
60131
47053
88746
74872
87580
95393
52111
89018
63785
18058
40322
53841
96888
51568
29675
24837
62836
23009
23501
87463
35677
37724
61518
60138
4039
73860
6179
79241
1519
38951
57605
53357
95978
8657
17529
53039
28150
85855
69674
84482
63506
89440
69067
80743
22981
6551
36022
32550
87945
19347
31868
72199
32731
48035
52973
18734
24039
35551
17213
90290
40714
36095
32764
90400
9693
59678
32919
79069
24280
67894
32641
46521
9507
12335
12628
17814
25941
56361
64908
29857
58119
23406
40320
38917
16690
70542
22713
36271
94373
94738
17302
72480
55022
41038
81319
16580
2333
96868
43966
5526
70192
24683
59648
71343
151
6436
13547
68695
23204
47593
51836
63950
42813
15912
40175
88339
24054
70738
63591
2429
29765
72284
68475
66882
8760
47158
13101
65350
33456
26354
36979
79363
4657
64992
81268
72209
89789
99271
92622
99021
37518
95431
21028
23707
16516
97947
78576
89845
58975
89756
60527
62280
50583
36000
42708
28952
97784
94594
59914
28306
20438
41859
38904
46707
63437
79535
6518
12350
94323
60675
18541
97451
55644
96245
58184
28859
70572
81677
34368
98754
58187
13224
69511
61691
910
47613
4059
2062
20678
95346
60787
56853
62791
27920
5704
82641
56727
22314
14361
62870
21780
62262
2511
61704
12040
65188
8228
44148
49991
6071
18977
98612
80955
65110
21605
17734
91605
34742
15789
16038
74947
83371
72234
88859
91481
88118
35736
45995
71596
16971
70210
85665
27873
61898
17884
9599
97553
98797
98072
18486
15269
77623
2288
68476
24014
26566
51950
14101
68374
87869
72498
10697
78208
89683
3501
321
43238
98294
8133
59126
99428
88136
67433
41324
96566
13175
44787
15083
93116
62586
84362
49116
29205
36079
63526
75201
61508
79783
53767
21510
4835
82313
57249
84378
14378
42448
76821
82019
59880
84777
46182
12705
88366
17769
93858
22047
45646
99881
39752
69270
28432
3648
26235
70772
68712
45156
67131
90721
9937
76832
57364
43117
20584
25201
23699
67479
4872
92082
12674
41181
12625
27602
5699
95502
20750
26514
23274
9548
57286
95475
30343
66478
65671
88248
83073
69841
61642
8265
63643
34337
18091
33514
34137
84925
24261
27442
3228
20993
4787
61352
40033
28141
51408
88737
88414
49172
15558
80044
31934
57972
33609
47560
34787
15258
8160
64426
37255
23520
48594
9234
15575
40005
82000
48210
25577
51196
81618
698
37067
60042
24101
20468
31622
88001
79198
65302
80345
48039
55853
20407
40064
1800
77261
87352
6602
74436
34072
49590
41915
63979
69735
78032
48296
48613
84867
45725
97269
64859
8583
79361
33426
2413
73856
87186
64171
37287
51314
67795
15180
3882
41218
22377
78365
88762
96971
64157
4225
14144
55119
43115
93690
67517
76615
81490
25907
25276
62016
46138
17901
12921
89328
67518
49627
42092
37359
51901
3666
65614
99743
23311
62654
95719
65201
74800
79512
37745
38122
4841
85642
1857
247
63944
30479
68729
68986
39025
52122
1614
90830
58647
63266
16879
19337
10931
99229
47801
66363
27751
15607
62344
82454
3768
41929
24594
17755
86940
94664
21707
38312
98304
28017
13427
24319
13180
54196
99659
56614
63359
96147
43039
5691
421
45266
28125
73468
94007
84158
86532
2268
25706
258
68245
57715
79127
59973
93359
12679
19830
34967
75580
7928
4952
72321
69118
41815
61689
78520
53964
46099
26249
43555
41042
37927
40444
65913
48364
99025
61769
51835
72080
22306
54673
52905
52154
83410
95616
74938
11464
40061
42619
38054
29189
35705
91170
92959
94643
85519
62692
1656
76076
52689
49202
72171
30475
80748
68363
96340
75017
33818
66831
77307
38582
10735
46591
49106
12634
41357
78954
84539
24738
43720
13915
59554
65157
19297
88793
92401
7196
90211
89368
4080
75356
37097
19201
52946
31841
79189
88339
80796
71633
49235
41369
70375
39052
55030
6528
54947
4638
86619
62570
39433
70175
23645
88140
89592
1813
20843
79581
20811
26492
1358
97451
71302
65260
67320
29429
75839
18573
45052
37890
65658
63303
18307
94096
7723
68912
67075
87780
62298
91163
21829
40831
81600
55721
63435
46872
94294
1109
47530
4692
20674
10797
8808
12822
41613
27496
5452
44989
694
9325
96849
31741
53428
57066
8770
32232
90044
14530
29351
91966
49061
19919
96497
47257
7718
65056
82747
55195
82293
1525
57163
99152
96427
17965
5477
44115
78841
1185
19501
93628
33119
85251
24738
30672
81744
87319
1140
8476
24175
26758
66134
94131
64429
24979
31334
57752
57546
87383
14731
43047
96229
75979
88732
51329
9086
91476
71044
20306
70108
97023
20208
81461
25366
32297
80472
35365
27378
86230
31770
92984
30221
19460
39681
92837
39141
53449
67564
18821
27299
72211
8473
11567
29256
14741
17973
87407
95876
71466
80643
53320
48580
36437
22859
33689
2210
8482
92333
5251
35241
79148
60924
70335
73684
93055
71421
85266
20727
17120
41240
794
8030
9139
56440
64440
66547
33339
37942
80855
14862
30767
38549
25621
41222
15750
34106
60328
11826
36181
5078
2361
72390
5008
65838
61508
22596
83046
88151
67314
