54223
95178
9099
29522
62675
50145
56896
68361
14298
5361
51630
61593
28264
4367
48773
74998
72495
22251
1207
51210
543
27460
19466
26228
64314
59497
45862
34762
86937
94813
68633
95542
20809
99081
69565
82635
34683
93079
93920
56907
70656
91472
55059
52933
86999
9122
37796
90999
55992
67842
44316
11262
17289
78100
34385
7704
96794
14740
47634
73228
88638
53581
59833
54023
63567
86620
17392
51294
10885
87570
14698
1529
43106
56596
27465
12615
92512
33352
91903
32508
7092
30837
24335
79520
9640
9030
8755
68930
18296
76976
40900
29258
39383
84654
6544
13388
34148
41931
88998
74666
29824
80830
46250
96147
92445
59527
71665
32385
3896
91706
53859
47442
88959
73310
81142
10275
19406
70209
93810
39172
81708
24942
73646
70668
32497
38446
74095
65117
81663
83567
36921
51094
36792
11138
11513
53834
14651
16551
91580
49125
75494
45000
10609
33365
64217
26959
92264
2980
48707
51932
34802
91895
30225
8194
19621
24526
63250
38935
73223
3504
62942
91157
79136
66321
97211
62626
31784
13160
57387
84345
47806
29331
76531
11257
1976
80
17710
32258
34701
42974
85861
52115
85932
63610
26354
42513
46406
74124
60980
7197
81259
760
77779
57063
73369
46714
35012
45063
54159
69540
61506
67897
38173
78582
35741
1741
54348
57228
4252
2623
71736
67205
56257
68578
50300
97722
5919
30319
8474
80947
46223
9942
88321
7107
29195
63045
16416
37482
96013
98644
3975
31581
27551
53410
3317
76016
10998
81990
39372
26888
21382
13571
64757
54952
98237
16334
44843
13381
57061
6075
65265
31650
12846
33048
68507
75879
8687
81917
68458
5905
36298
23771
62252
2434
7266
66213
57245
33797
83941
57855
57643
81171
7116
16880
10068
43548
63974
69871
90274
99322
24247
6706
24244
10028
35171
80096
76083
13615
6481
4210
2379
69550
35599
35839
68135
86135
20091
53675
42900
81594
79607
86532
47397
4821
62707
79748
710
69104
45349
30439
26029
32722
37271
67000
8976
93992
106
95906
66679
55163
46790
89829
78080
49500
35668
45024
46333
18959
94673
93108
12731
76051
11058
12601
18205
82811
391
48954
13273
32227
24835
18334
50203
23038
65257
40024
52183
77535
64274
15074
43476
63771
48066
44718
41795
48572
3666
61063
59564
25762
35366
24686
34254
35257
49011
29054
9657
12942
16146
40019
19717
88749
51369
90183
84494
80864
95667
42532
13818
17712
36141
35502
28400
56189
8250
22516
50413
54540
20530
23044
85992
1335
13739
9348
20624
98223
16464
63338
75061
43437
87444
51365
24186
65447
41239
81231
64145
11772
38301
25378
24127
6608
83148
16937
58312
52766
15034
51217
20787
68362
94362
54190
21673
16743
85075
11710
86196
9353
8329
88386
90131
35543
96007
3476
24823
761
3954
72623
52883
35162
54300
68920
51719
68313
63834
4508
6201
52546
81107
84833
4056
57398
98804
41642
7994
50683
29877
7979
27096
27917
36058
58654
86679
51126
75557
3057
591
10526
93130
83693
82865
28110
10156
3436
96628
80894
84971
77256
27374
33367
4415
80054
84957
33632
36413
41246
84112
45822
20372
18857
26786
62520
97273
71152
11304
65272
84575
32194
23082
78686
82366
89246
19612
94214
56709
54533
8384
23368
83688
21671
30648
76959
53409
97904
6147
56902
27049
7337
64400
90153
12016
67456
86629
30582
70396
51486
9088
3878
4049
62519
93343
73022
66122
61844
51958
57446
33155
13556
29075
47670
34605
30231
74541
19039
77306
30407
17512
63112
21244
47527
40888
23335
59997
62206
81457
42804
34273
64887
32284
6258
60234
94360
3682
85873
85601
39094
6986
80993
96049
32996
61418
75636
81956
24932
88465
24414
41334
52243
50490
17465
38589
2486
10699
68047
60736
4764
40135
12643
12810
52251
74010
12733
72400
20913
24495
99857
79625
15927
89974
11110
73308
46905
61821
20966
96724
5824
18915
87073
86997
97408
17385
92678
31107
50731
28498
86333
18398
22929
51132
90785
44598
91168
26936
77235
25592
17393
16073
78596
60514
61889
49331
45966
43216
16303
58452
36199
58764
24550
661
55287
17317
60878
35682
72207
71637
38408
83927
60946
36388
28546
93082
24620
77541
81964
66980
4901
68378
55199
65424
82439
14966
63424
66544
29490
38428
99591
94306
84689
63937
82877
52941
81708
7098
25266
77366
78473
67207
34079
4050
1705
33859
419
90356
42707
88487
58733
61998
14670
35608
41073
48088
9181
29939
91159
71115
70221
74971
47955
95268
37575
