33775
69134
82566
76052
49006
32642
46914
64250
51792
5471
64573
86904
14572
35939
36876
2812
41551
95336
63781
46925
1670
19417
44879
60167
7028
61749
58791
70854
29642
33557
93224
58692
65174
5640
40206
22243
46092
51860
41442
13825
78709
20916
67254
2017
28633
33306
39264
71234
7393
13784
61712
70289
19357
86140
9267
77438
12512
76717
30166
58066
39295
95872
62740
53021
74372
92457
30607
50510
55124
5375
77271
62583
7544
68443
24384
48364
95394
59991
89572
563
83634
27059
79540
39203
38539
55516
82066
37080
96353
2081
16523
35157
19939
51965
66741
92930
28632
16733
12308
58714
30289
41006
94793
37882
6574
43722
3947
83289
2558
79954
45571
31407
49975
72657
57537
60158
9788
30207
73345
49989
54221
35239
93658
88425
21004
63035
15398
70156
63283
63605
85266
9651
87510
20585
89984
1367
18614
82231
69071
33790
56812
45021
37632
87903
93687
58771
36419
28065
36467
13665
84348
23895
48951
64230
94677
25433
55090
43047
30206
50637
66972
17860
15163
34282
92816
49749
91847
30317
52519
17172
8603
55989
78453
80925
52419
15319
7360
78447
94165
41985
75617
52406
97447
57215
14545
38143
53057
46977
5097
57262
40171
24615
91926
90594
82729
59949
75726
32720
64853
23994
99689
62377
92668
19600
21016
98340
41581
42644
11665
48745
7833
45851
63832
3307
91073
57892
85176
62530
70714
44063
56356
45771
3007
81731
89195
70873
58054
63603
67629
52095
36382
34989
75571
20216
53240
17410
15910
28911
55443
70192
3100
74903
40377
94187
68138
25879
79665
87251
49192
19811
11069
19874
53756
72037
51323
11122
68915
2393
99908
50023
65159
73628
49165
25572
86165
14515
89704
99744
42037
86298
1698
82200
26749
39490
52462
42833
61873
99564
78607
28843
28121
14691
17116
36746
83873
96423
63818
26519
85556
85140
80055
55040
18577
76014
38725
49035
19528
48458
99429
33942
20428
52204
29097
84419
74035
16572
39279
64667
25565
66011
94171
82293
80672
44563
54488
88142
82101
74731
61469
16346
48181
2049
32570
73761
45148
5678
35819
56047
62273
87502
33327
88832
33871
87412
36139
66719
5471
10872
92367
90329
72812
96365
38459
82145
31743
94923
79520
95621
64776
81736
28722
18818
55695
70667
28157
13790
67521
56558
93878
25994
41083
67284
76425
44199
71536
67822
4769
90683
98419
21925
86422
73942
1158
83552
69341
41717
26423
59780
32321
30814
86311
59720
59690
22035
57100
19812
73462
73449
77108
74890
41451
23332
89203
26535
53429
25262
98608
45485
59062
2204
19837
33244
91120
83835
67977
59565
55404
21939
8993
87063
54835
62394
21321
92011
29335
89083
36754
91230
35392
45005
22461
88994
59642
78931
37953
64987
59290
62142
50915
34637
48918
69086
24040
26477
7930
18268
91346
37747
65883
25210
26935
49034
33913
28052
71752
1513
89666
8132
24617
66261
90432
42889
22654
64057
84556
96428
33227
26284
14772
74340
54555
22736
58752
43638
75451
20568
31930
46149
75929
80078
85612
14239
59934
37696
69373
31464
99013
74247
90929
67531
31509
17494
98959
56921
5661
81923
34739
83568
77000
5891
47018
80205
70528
6497
41187
50274
96352
35916
38625
72763
63853
89459
54959
55895
73878
85206
67072
64271
81101
7879
27797
55908
9367
85429
4559
30530
71731
45871
63619
8555
93830
84009
95113
31410
64361
52924
75746
98110
39644
83539
95763
30492
10588
26996
34771
90054
99870
9283
56970
53045
94732
85262
10563
87266
36492
80138
58346
63980
81773
10408
36945
81400
22360
83477
40658
72421
741
85351
52539
18561
86595
79229
151
94536
85824
54289
96312
23449
38225
83618
36196
31266
22470
72968
61330
51082
27808
7926
68275
42590
70732
36048
35234
60268
31827
52691
63327
24973
63141
94472
80959
27940
69597
82715
39472
23639
99354
715
36209
48514
87474
33285
37115
36293
84854
44822
35203
87404
70115
22986
73459
89957
85966
69100
81206
82827
63563
73507
21442
97543
98451
74377
23372
15054
19920
61823
79101
25809
51949
55712
16390
87236
98373
55153
20394
31336
97531
30440
66480
86948
82340
4066
43490
46182
50628
46451
92233
22591
97497
94155
57534
19819
86604
83590
53807
53803
40465
81636
73920
49040
11238
86064
29025
59998
52905
63290
93070
52431
53380
88761
39847
16196
795
56125
2746
71085
52043
25357
57770
70275
43662
87149
28911
2176
35208
31101
41651
40777
3517
18653
5138
97039
12588
78189
86471
79429
68278
59381
51614
80410
29644
6586
86562
67497
89430
36992
79719
72438
55090
38219
41808
40137
58699
32196
63223
20146
99173
87405
60336
57855
73502
99952
42104
69945
84981
5423
36209
69253
25939
28133
49999
37874
20058
22110
5654
34159
75083
9032
81320
59179
40576
72376
10307
1326
87357
24104
39034
23894
25342
20531
21031
59800
54738
67346
29124
30052
1896
20303
790
8133
25569
57688
92766
11168
91979
73457
10109
10549
7740
15800
92205
19637
68619
74887
83641
34232
29003
5700
91379
72688
22116
57082
31340
86859
64190
66547
97281
92533
57183
71855
42770
98524
64094
85028
53091
97353
68511
72219
98065
17193
45784
83703
99085
24759
67023
82316
14037
11835
29120
25729
42339
94371
54088
68271
78982
2359
29222
61326
1244
41159
65948
47877
54660
60514
39681
66393
15850
76174
35640
1986
49001
50870
66252
48663
40046
56325
44662
75516
88021
6046
95814
21774
56604
69839
61667
80952
40493
55307
10356
72668
81094
69029
90426
42226
73859
50678
80751
72686
45687
7040
74358
41885
44929
59712
85
7773
78862
60179
29856
59419
53854
19062
41318
28162
22037
42505
5710
13657
14911
67984
49021
42939
49130
44285
90865
47102
22601
5920
99975
9883
80078
50991
17794
15113
16588
43301
92389
95960
4316
24445
33748
67815
73977
39711
48495
8871
55245
52779
37151
37633
82470
48547
40307
25042
1695
840
1401
70334
72895
12326
73284
64445
47401
17675
33342
62475
14630
77766
87679
87642
54513
82752
38687
93141
2451
24796
62342
15446
32143
97538
91628
62874
88292
28623
30723
96578
55986
54095
30938
77663
36463
99009
43867
73728
10000
37316
29793
40914
5817
65883
40143
23395
66196
42458
11603
41266
87398
5450
6494
69908
43521
14599
9112
49158
51076
25909
40946
99008
11872
41669
89029
60030
79689
56954
51180
21392
32251
57690
89457
47052
94210
12169
48890
61604
49066
37870
42390
11274
98445
18476
24728
72659
75607
92189
78539
42083
96789
31767
13579
1809
38714
89115
36752
25859
63551
82872
84948
57813
73631
66096
25300
65720
67357
22982
18203
55129
85094
8471
7282
251
79160
62701
47467
35400
15641
3424
7435
34101
17363
23826
85903
91640
87173
647
62592
18345
8571
48041
64168
45491
6779
36331
63066
43499
67492
31619
42797
52964
52841
2135
57231
33069
24501
80319
83284
39034
82434
65773
16547
50550
54380
3576
87629
86495
26037
74861
83314
57736
84750
92159
41115
29462
60570
660
48413
87248
87720
48413
18071
26898
76772
3360
31290
17173
83251
63242
35405
16580
81938
25540
59471
60697
7765
58966
63657
74871
4030
45458
69851
8617
26514
42188
30343
32706
88176
46790
79033
87645
93212
35828
75362
23173
1573
86480
94987
22365
85461
84446
43215
61083
87811
67328
67283
13765
69481
52002
21824
79920
36629
46964
98175
72202
72651
56204
62692
76559
60134
39840
61791
67719
67392
8564
42198
39145
91470
93896
3709
85588
94894
54317
48760
58524
46985
48519
18165
99974
82216
31348
5662
48618
17885
5458
25179
3612
31258
92244
64289
26124
82412
69321
94845
56389
83135
58645
27552
24944
54541
39294
91076
40713
86464
2004
88249
45729
10231
58740
32036
36571
23076
69917
92150
65917
57234
54291
89556
54163
69676
2151
60555
60677
39475
21098
74781
86992
98952
5524
32099
10137
92034
35871
82323
73322
48676
81760
8565
93279
87727
4342
90179
78871
12278
27474
14471
93909
41316
74808
37677
38651
29436
50427
5207
69084
62354
74372
28737
20826
80187
71179
83466
55384
72686
49552
32679
497
11072
4294
8759
13422
29622
17868
79871
56288
46837
38234
9760
35987
20793
62073
74473
27638
66199
58076
34260
70203
21709
23648
71537
95680
45203
80208
96487
29099
32036
77219
90742
75600
96668
93118
6564
92983
31604
92528
64014
33369
59263
23453
91864
26005
22161
15591
39308
64735
14699
71454
45036
58301
45898
25708
87817
99372
36577
84928
58458
9113
96744
49932
86865
18065
99399
65894
29890
51272
65466
41669
75759
95836
1249
29035
49091
42434
84571
55031
6863
8891
78679
56115
163
73459
64041
71585
39152
68282
17291
15476
39390
9331
33905
61147
46527
68174
86555
40781
33335
22997
34673
83252
38141
61612
52364
88123
66969
47528
21642
60945
13014
1672
45840
15661
56583
96988
74088
83535
96191
10888
91922
54902
27263
31394
25366
19947
28718
66850
26230
67784
39684
66169
54928
49322
8702
16864
53741
8697
75994
51480
8280
40498
5709
59552
27777
35587
19551
71833
35887
37008
95778
56302
52835
39268
88281
41337
67044
29255
89315
60440
39757
85101
6415
95021
59737
20480
49123
77033
66773
86177
24389
1585
92492
18182
20847
91197
24922
52132
21644
47986
89245
7625
23089
27804
51373
82746
52123
71254
93243
89066
69461
30497
79152
472
17205
37910
30979
85356
19854
72873
56801
41014
75856
96396
32204
51546
83161
39745
16486
46121
26762
52897
97003
43145
18753
41379
94050
27718
22201
45951
25965
24662
8946
48571
29555
97523
98427
20229
54468
25083
99739
61481
1810
81291
32328
24889
57078
71915
32092
50100
75399
61820
59132
86884
13092
60443
10989
29249
63739
19869
10911
34613
49234
39841
84582
55987
36673
67119
60662
72322
523
22770
30650
62338
26113
90321
81727
30623
55326
50111
72668
61210
8253
50778
57313
43539
75607
67478
72727
88411
65870
8288
99887
27458
8405
95134
73585
68637
59219
63706
65200
62386
29533
97971
87111
18341
59048
39244
70714
894
85528
87182
51389
23355
20242
40677
53200
55146
24873
10270
3743
54170
99613
70566
25256
37405
34488
11032
41954
6761
46353
86663
15540
54389
22521
66163
70929
81839
18670
24624
2445
80901
13449
30118
57097
40430
5106
29179
76024
63084
46507
44869
37785
98677
54076
62889
87892
26724
93458
96205
57849
49734
40128
86648
73899
90976
36716
23214
30826
25666
20437
31049
59325
12907
73854
12575
46863
37236
60068
2775
81364
13239
39488
34328
74701
54461
29495
95144
88668
58705
60572
729
29968
15848
2925
96945
2715
1379
86115
54857
7060
79180
10908
18723
50760
392
57326
20603
96860
51756
25779
80630
5142
76418
9222
70681
