65258
38357
93678
87562
76501
25545
29395
19187
49784
5219
93783
27669
90863
40058
42601
40295
50746
46924
94611
99502
66072
71395
86331
56884
87883
37072
90044
30641
20791
99981
12025
53747
91520
70522
11502
61251
40879
680
32499
39490
86474
72580
20538
87400
34788
65975
4036
20692
30751
26899
56310
83349
20505
7433
18247
17721
68800
97474
53962
84430
16307
23327
32226
16353
84091
45128
74923
37182
32604
45330
90501
74319
60776
63871
15144
48357
87113
2147
17306
26938
89211
87537
82286
89460
90663
62995
82688
60967
75093
42076
57874
38441
75861
48808
70963
50812
36983
43898
85431
65206
65907
24070
5041
76231
1977
69661
50622
92566
5820
7151
5123
65691
34300
47888
44392
89267
3335
62056
85306
34498
56572
47806
25154
76761
51739
59455
16592
11847
48533
65808
21010
56331
31914
19911
9830
75946
32973
34904
38033
88230
15848
77169
97099
41328
83640
7580
65633
79470
18891
24421
15048
67522
14901
87434
95008
61895
73003
31418
18719
83197
37902
9994
91704
67190
18271
45335
79350
44937
93013
98098
88301
30458
34971
13267
44693
74784
93308
42235
88237
79004
63412
89259
65349
45679
38856
81229
96781
87981
83858
13752
15639
8958
86581
83666
20188
9516
53776
78330
62535
83035
85461
55451
99027
6978
24675
13682
61150
47407
11836
23879
66717
51018
85816
63638
80319
11137
64576
73622
49282
59022
7043
33199
86782
49939
4893
35015
47333
84614
78004
23427
41471
31018
50545
50032
66302
88869
66041
91108
86441
69800
59215
66348
85940
49844
39995
96058
25941
87689
60818
34867
85091
92101
32200
23976
30149
65003
23500
11127
62768
42837
35940
97733
15083
8219
63113
85942
21529
46278
60621
14983
77209
75674
30903
95701
4193
92970
91933
74991
86256
30851
39209
87698
99886
45610
29258
82560
64757
17417
9906
40889
60452
68053
97604
41966
7827
75115
55386
67465
93235
89144
56317
78769
21705
40690
26824
45632
21247
58014
51845
52411
84558
2963
89502
58990
26748
72467
86813
47471
58078
6201
9956
42901
19238
87121
2684
56491
3383
20927
64713
63232
93889
32922
98260
92242
79733
26313
5374
77875
71428
4695
31298
92334
29583
73280
39830
56420
35488
98343
75503
4061
78482
22473
14349
58385
8439
4363
30162
62357
3343
76222
6324
95382
31719
89304
4690
98772
47590
48652
62427
27619
41679
21807
25345
44349
86704
43076
41959
70129
56956
24882
36387
14295
72679
30800
50135
9099
18396
61040
92943
87328
10907
50504
71083
53720
47528
81941
67833
17615
48009
72316
35335
73917
14628
99191
19652
42156
74121
95736
81542
99377
32361
57924
94331
71536
68158
75541
97218
80242
16041
19816
57485
76923
39570
94816
48246
34878
76510
87169
79784
11193
45095
29255
31934
35093
36656
24708
22626
27098
84048
71861
13373
4208
87586
60730
96375
80337
632
12199
29867
28368
25469
74240
88428
30445
46817
89338
73209
6478
35067
99727
83380
77381
84276
62610
84549
89156
10962
6211
22547
96701
28911
69357
21639
82109
32506
32201
75124
61216
66474
63768
83214
14294
33500
83214
18223
62023
92812
55980
267
96285
32624
23486
48082
66791
57236
95563
28995
19209
15627
18518
69694
78204
12536
68541
5180
69667
85301
10103
37117
80451
164
2078
44759
61011
20245
30466
41758
86643
24091
95986
363
6375
8448
87164
70857
25058
91859
25181
8583
83859
46686
75386
83473
27098
26341
82231
87735
69235
21777
99291
76215
4857
76727
54143
70875
36593
14677
9023
35992
31184
82251
52527
83847
52292
93461
85055
2050
60126
67171
41264
3125
12626
86190
26481
84550
50658
70527
30849
53202
587
49679
24927
11970
81577
39177
33514
28310
62109
75191
30684
4580
70452
37645
98299
48228
27204
97060
42747
96269
34532
53283
70196
82933
26356
95272
79353
51977
56483
270
42518
5887
77579
8009
10706
53013
42863
50954
96620
60696
44534
95176
60493
47502
88219
48069
48124
50925
91073
18930
7848
88260
82692
76328
43790
87829
82627
32217
46406
5322
26024
96912
78157
55763
9813
91340
82081
85426
35864
73371
24117
80045
34654
33580
76210
55695
63253
42460
96545
7026
84803
85865
65709
93789
53183
8407
93135
31144
46164
95526
16875
11796
13126
64152
81581
28719
29292
99138
94479
86128
77411
68051
27240
83258
9983
70474
52784
30679
80357
29578
80422
12038
69412
13578
80142
35517
76035
82527
67445
28728
84244
91983
53795
18384
67559
49240
54597
1820
42084
10070
86530
61245
33800
24372
79146
93631
82667
87620
71830
29185
66403
31707
66535
89642
90183
93524
59149
93885
55008
32543
77908
52944
87112
29720
15974
8974
83555
89163
57105
63552
4979
81330
58287
9498
25578
11903
71264
27351
32399
74038
56093
32789
51366
43340
64176
64447
65829
4710
45639
82985
84882
58103
66530
11683
13387
36287
4966
86484
73342
81843
32190
99086
27151
72947
74446
10574
57331
57853
94640
85010
64326
56572
28930
42535
54362
14872
62749
59746
2651
50518
33153
51447
93743
14585
99986
52361
60470
1714
37046
79992
65680
82324
56225
523
96821
97106
92575
38511
72465
49505
46288
68099
91960
55457
98776
98568
94679
61295
94371
20266
33701
20516
6589
8310
10266
28039
88467
90923
59963
46580
40178
76867
29396
23964
13966
2155
32910
92464
16332
73
32993
61663
60538
20520
45089
64884
68619
24761
27816
95881
21461
59923
82938
77277
7921
73908
55997
35131
29524
65851
98068
15080
75994
79894
21920
64628
98650
40714
61706
23465
73687
98132
24320
9089
65378
95084
2688
58565
70474
98343
6516
88885
49348
34580
54392
68196
26923
55744
62647
48082
76923
17164
61006
93088
86759
89404
62817
57877
37094
40627
18520
4656
20148
20042
85029
23948
63809
45020
50824
20305
24853
44531
66802
51224
63862
39794
46321
62303
16891
49373
14368
44610
34485
90424
5424
51229
67350
10407
32327
49163
39790
24274
74349
50008
66982
51026
61666
58248
40187
40475
65574
99564
25239
56158
39013
43179
93931
33576
90373
12085
35368
64275
15043
82872
74939
65739
53802
12938
62225
84713
94895
97016
76006
47234
87532
47224
34438
12546
88522
11280
91574
10018
20928
92021
47561
38297
83837
8080
99185
84142
15748
40297
9865
74740
80571
41406
83766
11767
14868
47534
87399
48069
47711
19238
73879
58547
80416
57066
29967
25687
92423
82062
84083
7147
21703
45149
84660
77898
53347
31000
82547
42667
38353
51780
28582
95745
56151
84069
28050
64721
29008
88282
77413
12283
94241
64096
45518
85962
41012
37661
51451
99537
22513
46779
34230
1791
61454
88772
5770
38411
77036
22444
27834
41038
74967
70280
56133
83830
58566
49984
50323
32372
38671
75458
57307
72356
42765
6508
37099
46195
49656
93825
15418
44559
5038
61223
15276
96812
5380
90638
40985
79417
72855
27045
62354
14612
82397
261
74269
62982
43471
68475
87413
23050
83785
24422
39597
38605
29910
69242
3961
80180
30668
51375
10271
10981
23131
88239
88579
69513
98238
36981
90731
1257
83244
57250
44504
49966
21645
13722
47599
75508
97678
99013
14295
99656
22163
18676
46243
93802
69189
69100
10708
13324
29016
56448
74505
52163
21602
50160
59939
38139
97252
38090
60246
14661
36168
52016
76367
57649
47058
62017
14314
57919
56436
96158
12933
58655
74917
27938
55622
75292
24531
88115
56301
40762
11973
99816
99937
12984
36717
6253
60949
53382
30022
58876
19042
35374
31155
60498
41310
69945
20498
12665
1906
41807
45725
99495
66131
34091
96864
51201
74504
82129
8818
69736
24162
37609
95777
66203
59919
43219
50985
55161
55337
14884
77436
74436
85387
3790
50328
50741
66582
63614
50496
11174
67898
79723
49532
48580
76383
26581
71940
84808
35021
7203
7424
40029
57266
94215
97292
8601
62571
35916
72946
62340
70320
12741
81579
50620
35772
29577
94442
43375
10909
7658
56415
67850
65560
96058
2144
22883
9715
57326
33606
15510
16643
94369
26744
53859
58243
76417
10669
47586
28994
90777
41951
12504
52948
94008
78643
49599
39388
61309
43917
70301
77098
36067
57608
69618
34633
62919
5426
6723
64535
47112
10263
38537
93147
20574
67734
66086
14473
10799
9004
95636
96502
2535
57954
87065
51452
54204
56839
60431
17592
81091
44878
58385
49627
45576
87579
16838
17054
1011
71112
79215
65485
20314
95659
666
4592
2989
24442
27757
48182
94936
71001
6447
46836
74336
36291
66575
21593
53811
39305
54624
28388
24190
20183
38152
57247
18419
33147
85119
97678
5513
88088
29208
82282
33901
44298
68282
54292
31136
7548
7295
91547
32657
32631
49246
59393
56113
87467
58169
58006
59783
92014
66708
75893
23665
5464
77471
60581
70082
98598
12139
69998
96961
14676
95231
73569
31436
91855
20448
30786
24018
92895
36692
86785
94294
63788
8114
89444
7972
21942
48001
50554
12048
56693
99798
44812
79995
10161
40254
64717
22057
94854
9458
26870
97122
95921
30427
55763
22087
580
66972
54815
12246
95026
82698
11255
1938
69958
6295
71362
88562
79917
78692
65670
15012
8722
56160
59913
55707
3554
70141
56809
99595
53626
99336
76237
29875
5874
92502
96900
84625
29715
91471
51290
45170
65720
43017
27555
39692
18871
55520
46838
68463
86117
51766
52708
54062
40052
92778
70496
95005
25801
99196
68675
54464
66579
76550
81847
47091
14879
58662
35487
96429
30896
19440
46268
23008
17523
67496
58621
88923
92165
30315
18110
68557
29577
55097
75286
37071
67112
1924
59867
68401
23975
81593
64392
