76130
39530
40600
66485
56565
53970
2583
18810
32006
97497
16058
62686
3122
61886
30437
59617
75091
34649
18378
45351
27506
44972
14267
60597
96067
64033
71685
68850
94925
7787
23039
40724
74219
41222
16826
24121
51214
37035
28397
12654
75426
98867
88651
70919
88207
19444
51712
74522
15484
7374
27467
75217
88710
82846
37706
7086
23534
12106
15700
8360
98324
23344
58150
45323
65360
22492
55772
89652
96409
6461
74173
18649
11322
53438
30210
78981
63429
55160
10682
78875
58692
44427
10005
51154
66965
62629
21407
60067
43150
6709
2234
8558
13645
92711
48106
39430
99218
73956
52960
13806
39264
55889
2416
93363
54389
56781
46431
48989
34367
73691
23898
67836
66721
26517
66586
33201
27546
69431
92766
7206
40654
78637
11889
54950
73720
48159
826
10641
80829
51207
79505
1115
19680
53720
9142
10270
68663
98770
59836
89080
44139
15804
45944
90213
71451
47042
7425
33691
94573
24889
23285
90619
18754
78820
79250
5672
68108
97962
75981
65875
5855
26484
56431
63142
8721
22898
51328
91094
9025
71491
90344
62882
18027
94412
3125
36058
22388
76243
39181
82970
1900
79452
68520
50725
51130
98728
85958
13459
223
74932
31186
31467
20835
65325
53985
96699
71998
45697
99345
62158
87704
2155
60831
23983
33108
55614
52162
49266
59421
50370
76773
20123
68987
29666
33021
95091
61438
15787
78769
72623
69464
9958
93189
78273
8446
28231
15958
87073
58040
93507
14404
35733
65784
11003
27702
75410
12883
64722
63882
65174
10573
85840
80191
8695
1782
60460
60271
92277
27314
63784
12628
91024
78341
30539
54066
71757
97746
97325
8999
36247
11683
81616
50998
16385
69705
94222
36456
54098
46908
17303
31906
73153
14756
18398
16320
77412
18598
12428
47629
90691
9377
28283
18729
87040
64609
84317
92411
47099
99439
28011
96930
16124
12439
48998
84339
32322
32766
31851
2250
40363
35417
75211
6346
4213
69526
67273
45751
85909
994
74120
86274
62429
5235
67027
97585
11540
58392
87617
19524
9287
66122
25637
40064
46747
37882
63098
62804
91741
61632
20695
15468
92372
58956
27622
52493
43596
3834
24346
34598
15446
69653
99323
26142
72126
28486
55356
37092
94862
64314
98977
50610
58217
77539
47153
19522
99527
52024
49616
85374
64178
27839
32229
72288
5622
73010
77072
34510
68374
75785
68301
91318
84635
85260
49344
65869
70806
12725
56613
55600
18779
68629
17685
963
38787
50841
27772
86550
25458
18694
47291
4078
86853
84290
95516
30245
97408
27633
50488
24121
10048
95385
3795
28523
90163
74384
60303
67733
14723
40546
17555
69972
13475
71347
7318
7161
16000
75831
32629
36831
8347
39917
87690
51429
96022
6770
5111
88800
16297
12076
35225
34307
42146
72300
25607
49798
72510
80350
35408
97597
9217
97545
88763
88658
79518
43367
44271
73256
75058
75226
33443
9806
43033
19293
99989
92871
83317
60440
53973
94907
76599
24415
40104
77990
92819
88609
7810
61519
6678
39128
62251
89845
77556
51328
70052
29758
34829
8601
91295
41969
46461
89905
10176
12991
38608
50377
40762
4218
77102
91348
91377
73577
17843
66181
81442
51732
82439
96558
17920
9668
17909
80203
55082
37331
54783
55509
80884
64085
86661
51107
96034
90875
56103
89168
77693
71286
46644
30056
48761
74096
48816
42928
5822
83445
89245
61992
94090
44424
86198
41311
56065
41649
22409
52458
22104
6314
6568
78718
55773
83239
28565
47216
14556
53600
372
5985
37423
1303
14413
96928
24707
31383
44320
97508
32940
97339
59187
4173
67470
70974
21705
8709
19141
93105
93070
75052
57753
76401
73054
58606
64698
92667
62369
22660
59893
66010
46247
97253
54017
10672
63109
94685
36073
97653
40249
42810
88411
7843
49683
22397
6605
31003
61582
98018
89971
99733
50195
13301
59981
5492
37702
80845
58515
29731
45143
34704
75571
37402
56395
29049
57011
22362
91073
60484
46866
64614
25354
63456
25868
57866
95856
78303
18160
92533
71064
19690
51468
34104
77219
79553
72549
19716
21142
83133
39363
6778
61180
79272
34149
46698
39267
86884
67487
23998
2015
38333
72416
96552
6855
57474
19809
96206
30409
85132
21472
681
70597
18108
25795
67477
61431
59069
52304
28376
19
84199
56078
79201
18963
23078
60753
63633
24201
10956
49727
42176
58234
17469
59161
57773
41785
77797
73510
58119
93099
52352
84589
11350
23431
19350
38523
56613
59698
60904
61469
63889
50842
37810
24600
38508
73139
60753
81611
94948
61513
56407
87881
41779
58844
95733
89430
65041
93339
98770
51930
70882
65207
55289
85302
49918
48225
3934
7792
55597
89186
93781
84925
46728
18829
11766
73386
30389
71492
96973
97588
55582
47599
78572
87621
50295
42996
67951
11230
65024
12222
7654
39625
84364
29013
29755
97185
94932
56637
4576
58472
52649
43085
66976
72501
75364
11758
91912
13818
97781
26916
53594
82722
64863
75033
43238
2805
7133
18099
39315
93028
36729
42995
21130
23655
26589
52269
91677
623
86797
15928
28946
61324
31945
31330
16190
6252
41206
18812
11142
35614
48938
14388
1773
7757
67698
7662
61894
87134
37937
13043
63759
3543
18952
55425
26801
1499
84302
97669
81727
18854
61473
36556
7418
97157
60428
46323
54434
92752
68543
54427
3395
27239
50489
92939
19101
88682
80768
80704
51986
70816
53906
56425
7338
16523
62712
832
49697
13960
8539
57323
34949
79000
9157
84776
65824
45990
99630
53658
47904
80372
79485
27143
82667
21313
45515
52627
71733
60262
63714
25847
22174
62224
76109
79767
36610
40534
8695
93435
43781
3077
45189
12232
75388
98103
57983
20233
23211
1213
42486
7842
16862
1571
83904
33447
47012
65023
96608
86512
21514
74576
15334
21347
82580
74553
84800
45740
32011
73748
89697
16700
8448
95038
90564
16758
35722
94162
82711
58567
14593
8747
75149
93018
61515
40177
94380
76622
7546
15532
53940
87626
58109
24549
94770
67124
80047
77487
93736
1389
26237
83722
58063
54691
30034
8086
71962
8096
1886
22167
38413
59004
38704
31201
63810
88687
12891
23675
66134
10597
42449
60391
48329
70946
56134
92494
67703
84862
58391
73855
49494
56353
67621
12189
38128
48414
48317
85430
53239
40748
82707
35131
19175
36957
30755
37036
66509
60433
8723
40489
61977
8792
75973
62946
9307
20369
57280
23637
77541
43102
43653
1289
55784
86091
8512
4838
3663
77164
48022
53158
65368
45997
4526
70131
41778
1623
60184
14725
69957
75642
94322
82272
42248
57967
82442
32753
8182
60680
