35403
1807
93100
49915
14071
51583
87878
97230
26496
33757
2329
35296
32074
65175
39557
48958
53859
22249
62229
20942
2943
68416
90716
45676
57064
32562
27591
95668
66249
776
88746
12205
80224
40905
69910
38342
92454
39661
54010
11480
73890
95393
69616
85256
25830
76151
43606
56039
15808
22286
52237
28026
72989
45594
63951
62733
10289
52894
84543
23643
9288
918
60727
44793
50964
71532
71666
23342
382
41570
39688
60401
56697
9911
21220
51911
61177
35969
96841
61895
15405
38371
65434
94083
99463
357
61536
14768
95563
29328
57316
69659
16490
21945
80962
80574
10163
93341
81862
4003
61738
39242
99565
82907
42875
13178
48324
25530
64169
17464
11927
582
71195
26280
54557
46861
87213
81898
92581
57155
46334
31012
39453
11254
79748
97130
31324
933
14621
17084
64494
10973
20362
5017
27501
94609
90172
45542
90411
9219
77136
59293
21809
58655
13612
28720
40000
22282
30232
19710
69116
37637
56596
85536
63079
43539
29545
93587
80817
83558
56908
72522
44622
15942
84686
37676
90247
75406
93890
15995
22077
84650
9557
58224
19659
19019
38985
95736
2884
86419
68793
72126
52288
96423
41143
55585
98215
57422
98328
17058
38014
58781
31862
41339
13940
66108
97354
23484
86142
82090
59631
91335
64846
2776
13940
86417
23810
29770
88541
30123
3116
82465
71572
99847
23549
91284
20825
40606
77095
42833
8887
41695
28498
90927
28098
15045
61340
43652
29859
22215
28802
85938
1056
10321
23992
99559
86705
33713
67706
98051
52408
57838
22465
2706
42784
64482
80853
47652
32802
3463
43485
16946
87739
64846
97304
84665
44510
77893
28480
50210
2166
78196
55812
35311
62635
22838
50350
36690
94058
74916
14837
8892
98619
23406
32619
85495
54304
52083
59839
33720
65794
22100
26994
77401
3501
86844
36363
16351
31772
14787
90349
16346
27346
56338
62418
43255
67405
54053
27136
67313
22873
62080
98680
69063
27118
10335
88258
37227
2803
21678
80031
60534
20341
66201
42397
80525
30272
15786
36939
90380
58847
44188
60833
36025
81200
3169
60216
94
89721
93580
81762
26745
56568
41794
87648
75920
48761
86522
45120
79306
91871
78808
16022
7095
94052
98847
13947
44559
36011
97323
67072
20529
4487
76031
23285
26086
96892
32876
60847
11031
53009
9637
22649
48204
75988
97466
75021
11250
89324
74664
3062
20121
39152
74059
93672
70457
91860
3182
24691
77875
95917
69442
74023
36309
73740
94631
86088
10712
84574
38331
84684
58742
52524
88204
1052
3526
85280
16611
93896
60123
18502
47672
74133
52020
8466
26603
11293
40821
61279
34065
90792
32205
30805
42255
11708
14312
39450
66594
63221
30906
76019
27136
94530
90978
3100
97189
97867
68891
62775
83131
57124
54737
3914
49074
75637
73279
66944
72727
85847
1636
52652
94741
60836
80858
70489
2780
93148
34553
8765
73726
79829
78962
94247
82651
54301
33162
11906
75583
35453
15544
36863
94607
22253
43268
90112
38433
48198
35077
67153
39373
24130
54694
4411
38489
40158
21945
42159
44727
67903
61828
14638
70947
2784
57939
48156
50030
12723
25981
76198
47624
14448
25519
86876
4577
81466
83713
2577
61751
98831
13470
54227
42669
18972
70233
53328
95293
40152
6604
83759
23286
24518
52051
32331
69195
96257
66131
52148
47260
12025
87993
6076
61953
75583
32360
68966
89826
76530
62743
76730
46883
69004
6360
97996
11467
70421
62026
69767
23494
52591
92218
82366
34910
17962
83609
20924
43343
2282
6541
70761
1192
21623
3217
72236
55778
86500
86847
66981
42671
38729
39546
11930
23946
27707
55470
50112
35878
31937
87487
17942
86455
48940
20640
37570
22099
22072
13706
89809
65104
46321
21355
88296
8580
96820
33732
78721
44033
53568
47713
68348
88243
53810
14681
50484
70726
89516
93317
26182
40805
81585
72763
41170
54221
4677
21418
49854
3186
6991
59713
90204
60942
67833
51415
3446
22112
62490
57278
60682
33536
58700
97373
64949
26776
51924
23917
81645
83094
57663
15183
12893
84481
18224
62836
72120
30175
48604
40012
33969
27127
41612
5514
31652
94987
75837
20686
48926
61448
21776
29852
7125
62152
21170
82642
79001
888
22566
57088
70620
70413
92100
76088
146
82002
82701
96615
68074
2702
37169
91022
57317
53276
21018
32853
23522
76937
29484
45737
36102
49254
89775
73304
8669
62952
84427
80459
13934
87870
54518
1937
12570
75947
2565
12765
38177
53864
4039
7040
71177
21850
53777
36410
3328
56179
18926
77684
41521
94974
43616
70207
24617
72238
52235
87936
30299
53373
27912
88611
30273
16969
790
12966
11620
22274
66648
90630
19696
99495
70631
46176
93691
986
33112
88717
59838
55358
65123
11517
19191
73674
19340
24282
17026
67185
49242
90101
9118
49379
3877
41455
46511
11675
68560
5279
84857
81693
72861
75755
87006
95794
26432
35312
28250
43460
10446
39294
32470
70090
47913
47766
64415
56914
99588
9164
78416
31991
83915
74796
77103
4620
99200
50638
64995
57002
34116
73437
91336
71636
88702
31841
64139
20664
92146
40056
83113
94262
95965
11519
83013
99199
41557
73097
922
15783
49688
6546
81043
61700
56096
3266
8858
74593
22200
70823
22798
91778
82801
35299
86086
75080
53718
42192
13982
1548
11424
70437
42418
16685
74076
39020
92798
25838
58711
3774
34789
81497
62928
13086
73958
9536
21040
15598
94371
5801
14453
90413
67606
25930
73948
872
99108
85954
97579
56686
20406
88962
22050
5999
51437
93984
27731
68902
51078
47276
27872
67011
45947
3301
91122
99876
77634
72943
73107
68319
36761
49915
87612
47267
58587
82762
30826
66160
39388
79549
83138
63748
95395
55034
52135
45900
26829
56035
87737
89963
68411
29681
95816
7315
4684
31385
179
96915
3599
4615
54456
96992
75038
2933
85221
69430
92278
66252
55579
32010
23892
7932
74499
87323
11174
17037
41306
84011
91893
30998
7077
85923
15033
87904
55043
17833
13147
24793
50667
2588
99060
48537
88733
3819
31856
69339
69531
40851
53460
53325
69172
47961
31575
20350
30085
8847
57342
85922
86901
9012
36825
21973
60225
13642
84239
90271
96213
96706
71849
84333
3381
18128
16535
1012
39765
70232
86264
51268
33317
92109
91040
11148
76324
81089
82384
8648
20704
14224
22995
39856
15158
29488
3967
8665
67463
6346
80765
88358
85594
28411
71172
10485
49907
7098
8483
96705
95249
94495
71463
62658
36696
16130
18925
39407
55458
9858
41260
77672
72614
65793
3860
22759
77408
24030
98066
74040
44194
1846
34161
71785
67498
90110
7868
86314
68191
79860
46930
19673
75446
54301
97559
68418
68939
8919
41905
37601
73638
42967
47146
40683
35591
99304
34419
67834
71262
16333
21524
55988
75263
95767
37176
47997
91725
82997
26569
85381
3104
3046
68099
39400
66869
94369
99314
48583
35293
35272
6530
97318
26509
63194
66985
39766
75992
45892
45044
46106
86810
75290
34656
23981
14273
19761
9133
47050
66004
88650
86285
4648
72011
34033
42039
71835
80978
39042
8906
87479
68793
19506
76991
19526
3244
96249
74730
91241
94828
79046
44119
39955
77806
40091
40938
80735
7896
44739
84309
51395
33433
50371
51910
22393
95332
80417
67255
65423
37869
29883
53677
87876
67081
61181
35996
56857
76479
4617
55344
56072
70824
86583
25176
41653
57861
70323
97267
88869
45196
9089
25313
50665
74924
79542
10727
81120
52113
84481
90335
12147
74968
88275
