80907
33227
45761
99891
38201
18015
70702
46202
49884
18517
9780
86733
33509
64399
91331
10938
9663
10114
4112
32587
44536
46598
82487
62776
23849
91323
11048
14374
30828
58804
52289
10384
44757
67675
21318
61743
98607
97567
80148
26285
34351
69273
772
59908
72786
85074
50987
23410
71029
32596
89882
14069
75343
25196
20900
49668
89521
24639
39571
44551
69807
67694
30286
82186
26158
97287
11896
6802
56634
80981
5460
27856
66796
84803
99101
55392
29231
58817
14767
61816
19635
82340
39539
96149
25399
11347
70210
60534
60217
68341
34007
95585
33954
15853
90600
11103
20873
58746
90976
41738
41298
27623
67261
3413
21857
5874
54266
75573
27707
76325
98290
36830
66468
79883
91647
37097
48085
98277
82394
98019
47398
95691
47918
95309
56980
79995
88321
91559
36588
73263
90942
56137
62597
13427
40898
29993
55847
44129
4189
67505
19587
88247
89691
14938
50510
42053
4272
65655
95390
71608
51304
65915
13390
40723
87008
31892
69865
50743
41335
78528
31297
26356
30525
53855
53011
38807
36999
18635
51388
18123
8907
10497
30517
69343
36440
84152
89611
74258
94921
24879
71915
29770
5738
91130
28514
46773
55318
53937
61104
9287
29647
65747
76676
72641
67245
9361
34015
61565
7045
48860
87034
14358
9260
28721
33162
7647
57153
44742
56370
87765
5486
40988
13880
29416
27502
70662
53218
40019
26412
95581
61972
29043
19691
88944
46467
65612
74852
49087
7572
54802
73933
28138
31907
73323
10584
28803
44963
18625
78413
24949
79013
41993
92185
17215
93123
55822
94477
43573
45204
28015
39571
26588
56765
2318
13653
54059
29852
12430
45765
57777
72647
89826
87546
76363
65320
521
91404
62421
50891
84337
96587
21717
67276
11792
40502
52650
46107
18308
48686
87959
91554
23225
20986
27453
18067
91963
23782
90466
69836
53706
18518
9831
66705
44068
5316
35328
21410
2509
37123
13906
51201
17593
64636
66409
63276
79730
5128
86092
27925
70641
89363
42926
65864
91559
29945
89491
66993
8041
71709
29198
26623
68288
30198
25656
32214
33986
97792
3194
58763
47934
98715
12838
34184
51119
3940
15531
17399
53379
74905
64891
91300
56447
91015
55559
10370
25907
30030
39945
58449
9478
12763
6167
65996
3043
93885
53011
8154
72976
79206
93963
55046
53565
76415
71643
73925
51713
41106
66457
89171
7600
62767
38802
90592
79623
46491
52896
43077
44678
85304
92074
91385
30734
85286
90388
72697
27647
1100
73358
46517
54287
63042
21953
26635
95331
28413
48189
53051
59407
69792
98149
73143
51827
20677
78830
10802
99744
35049
38903
89889
15328
81505
20257
44047
33454
84954
37202
88803
14364
49238
33204
53813
58925
42596
11271
73244
44353
4542
33390
10492
51626
37517
36881
49764
22354
79575
21076
21573
52476
15418
16443
41736
2903
72235
60088
34234
83133
64087
66498
77109
42837
94016
456
57570
88568
96551
30280
47553
27983
4972
63796
14227
32348
57483
46964
61267
99618
14314
35586
56197
94986
43872
34251
36706
43569
50153
33475
4547
50773
55969
65934
9502
29869
26911
45764
97844
23473
19534
51079
49838
15836
63900
59195
59046
46267
45386
46461
12541
50485
33605
20199
15618
76349
17288
58906
67171
43150
43168
98735
32649
39548
24166
19165
80345
84212
77602
48867
43718
5387
77692
33971
47598
30827
58242
85210
89296
17950
81239
47920
97016
95537
94957
19395
97436
32961
41219
71804
11916
660
35626
25697
66515
36458
36837
59058
44851
86348
41411
29947
34808
45457
89250
36937
20189
85205
41324
40896
46643
15997
96180
24087
47535
1353
44617
68142
49908
8950
22958
91130
93270
56841
14506
95792
84686
88995
66056
45922
82467
93276
31748
5971
47768
57143
30084
50110
28446
41588
1574
71339
42818
42204
84295
98636
12240
97800
82514
60743
50957
1582
89603
18831
59235
67697
40609
27158
81524
6798
12126
70726
85249
68298
57547
72039
87789
14123
64282
55244
9317
99001
46214
5251
57377
45721
39434
61889
55447
20311
52198
44685
12173
31676
31125
12588
90611
3031
44749
24733
77466
88317
52896
83322
71240
35804
25710
7737
5109
33207
99714
10190
95488
3906
9949
17571
60452
62212
17022
11535
83524
77177
55786
39486
7817
39012
68434
82790
33129
69976
48945
55354
54277
72472
18075
45672
22855
61055
68549
8477
36514
82247
68597
58369
60017
86242
88661
17061
60505
78017
20884
18359
95773
41828
93895
80542
28825
2738
46447
14506
54578
61535
12614
47858
15306
15311
88552
10063
50254
54971
96227
41850
71841
13044
33063
63241
85957
20459
98098
58903
77083
19310
15051
16962
60308
70120
30592
87975
61812
86788
52151
14457
26936
30111
3761
18171
70736
91675
20709
22338
79722
3915
74198
28974
45484
19261
15723
67781
60991
11551
57569
82296
38570
66260
60587
21481
14932
42617
83331
60484
93076
10284
57672
82991
33495
86049
95168
19417
47841
21853
95743
50111
67049
24477
25651
50837
52897
19335
55234
78951
97055
6092
98630
73057
4943
92193
77397
66315
93017
31883
37894
94185
37603
42950
88341
11051
994
21163
85592
17005
26240
23245
93974
35997
35912
43262
58949
79648
92097
64381
86866
77172
74971
28274
98782
51216
15527
27748
31048
71848
74385
94758
88336
26468
93068
25523
15760
2154
56744
57278
45947
88734
98149
87022
94169
75829
41246
1670
20070
35187
30170
71108
48071
50796
14074
40937
40157
83615
61743
50042
44585
35169
61183
89652
1921
4836
18842
15161
75868
19356
10762
19761
90506
49887
53636
79784
97854
21882
57630
85687
70054
66145
94772
79727
9043
55580
66841
31610
93210
21504
84870
96826
35345
45796
78765
18823
9070
80759
39995
55855
12009
57234
62895
36060
73084
3331
90877
70224
78632
11098
92662
80669
87435
56480
90637
36859
28289
99160
38523
23541
25415
63139
98791
5647
76776
26398
1570
95667
18296
28518
76298
73836
42996
38848
34950
59233
8232
14613
51404
80784
56500
18305
25342
51123
95692
56761
41075
3450
33198
50519
31768
11735
34951
41382
37754
78009
85253
98520
4000
37002
56150
89056
96229
97989
56181
37724
27826
16491
17430
12058
80366
64319
97164
34445
