12698
49489
95208
28981
79511
81860
65556
24345
87491
68571
11315
88923
53971
72290
4312
87823
88521
62045
67326
26182
23413
68427
15344
67642
60902
63718
16717
79810
42342
13094
52314
52895
47353
31406
80569
15172
12626
71601
74216
99461
19422
65406
80543
98520
36398
34714
71172
84060
20148
92944
89628
54046
69661
59677
75398
15973
2912
18989
41697
10063
73839
62160
10837
25577
76260
68811
65858
65930
87553
97034
59999
73832
89451
72695
36646
36384
65881
90864
51498
51866
18493
68183
56047
54909
59377
14005
96818
64788
37454
20248
8385
42786
30096
5192
29827
18882
84782
84778
54078
75461
26915
86525
27532
56314
59431
65772
53289
2878
67394
31719
15620
6497
6529
41630
35473
5410
98454
75536
87280
48252
77383
60941
55856
92036
33140
77265
88827
1906
73564
33136
4835
72395
85724
76159
50645
95470
9845
64419
61344
59373
52422
1706
66969
74038
55762
14362
6178
83849
9987
26634
53010
46539
40560
73542
36298
28239
29448
75540
32952
88995
31288
87624
46146
10503
27254
27024
37322
48419
18807
78280
66961
75220
1093
72230
13266
16494
71489
36324
80130
73401
22651
17683
76231
67172
41355
87463
45586
37666
84578
45302
56578
77339
32428
56057
11262
84426
23922
67495
19635
74680
66069
77266
94629
99724
69301
40215
62715
81892
3051
32988
52314
90350
84077
21873
17602
51380
7150
11968
78841
6898
2796
90995
12035
9575
60004
19482
479
70391
83170
60523
68691
55022
62020
86969
55244
59114
20842
51634
45194
79376
79084
57015
75045
37299
99233
14984
43660
5436
19845
44079
11003
32307
71707
12257
43297
61379
53335
96340
67959
91939
98338
95917
34568
35313
1696
9070
39180
78521
84537
50048
58446
79305
67778
64917
57284
81405
93805
80175
79262
57011
82360
1489
2393
54524
31882
64954
44674
54068
80791
31624
33542
10643
24549
7629
11261
95365
43779
66750
34348
28944
36363
50139
39272
38352
62124
18713
88955
57591
2571
37765
85026
36521
10141
80472
29281
17912
71486
47217
44504
92197
37553
11045
19568
41835
79584
16042
26622
42783
14604
75101
69269
99229
6584
36245
59719
49602
90177
12589
90266
96778
82783
20
59772
83473
47662
38788
39452
55040
45911
10477
13844
26153
68359
183
12686
95327
69760
95252
57299
31811
37159
36535
81134
93036
11874
85896
48277
17648
50300
24563
86016
79098
52547
50939
67963
77811
9930
3604
32774
96156
22402
95499
161
39757
15264
8656
50679
41131
40815
65355
68681
7184
85095
61195
8877
50817
12456
18352
36062
58687
71428
93142
4919
12126
54199
51036
92148
96269
48987
4391
66762
3655
49685
93416
86023
62861
90391
79275
34271
188
53779
9732
79837
72970
61724
12363
11237
96783
94218
68131
28018
25622
98311
18980
3920
34096
42685
67129
10402
93714
45418
30845
87146
31560
52598
31768
72793
8943
73686
2206
63954
60082
85859
17334
53459
86422
4028
76874
9825
10882
75854
83551
99098
58157
1778
91545
17507
42127
98942
27124
98769
9496
24850
15792
83436
9987
51719
85535
89315
37706
35672
54127
1793
15771
56314
49966
10802
76823
11656
60521
57194
25769
40984
50261
15464
57897
13984
40770
32030
45444
68271
99797
58700
98793
99460
43098
69490
54621
7995
13170
25613
42679
85201
62396
58253
35305
77338
34574
71625
89335
937
8472
29898
48778
95289
39780
80672
88440
88668
13720
85020
43603
23726
99584
69500
88963
34475
80580
89079
1189
92372
17638
91577
63809
42212
94200
4008
50550
29933
80529
19137
53847
83875
50673
46568
8896
48637
83027
6867
481
86405
76251
89499
29710
54481
16364
65763
60888
39681
37919
46456
64932
80421
32449
653
25061
35478
70727
6759
72908
64793
21912
89930
78820
72160
72264
10968
28735
22210
68861
10974
81908
84860
39668
83303
18647
79218
70241
39818
55321
85921
49564
61919
25077
71971
32693
78542
97017
25369
6315
93055
34046
28183
84801
88928
70140
6168
8983
80071
21506
80638
67614
35887
32897
14040
12386
3395
293
84502
91336
69169
4240
46603
82648
52378
34310
35732
71078
96882
84474
51597
72621
35102
51611
12813
79554
29327
74959
8965
67583
57120
12990
89123
79625
96664
66012
16555
76592
85181
17746
88162
24566
68936
87186
64205
69895
36925
53250
78932
38959
31947
39039
5977
87777
62585
19959
33723
18094
97532
50548
65312
71238
9693
88509
95572
8778
51717
31301
32862
89902
86828
70548
27665
59433
69297
12619
41772
67531
67396
9919
41938
52381
48333
96726
30176
30549
99483
25873
29155
56196
43102
58141
25669
29954
12777
64905
37723
61034
99002
66398
11526
12024
38580
42905
73502
84807
17929
24262
59428
38195
83939
84218
17890
63107
7654
40559
38470
79500
25884
89288
86441
60772
93694
81786
35199
35978
16823
87506
75274
67970
97210
71615
44472
56417
17074
56914
67561
68710
7451
32448
15877
58846
95580
17397
97329
94659
2231
88164
65496
77151
64804
29015
92871
2153
94997
72190
87770
84211
40825
52101
47014
35309
11964
10041
27238
66950
44657
50778
86509
63107
27860
70470
94903
53677
85793
46528
37823
3348
13781
4370
39006
19135
93998
53460
11584
71380
75680
15568
4963
17617
90376
51914
52950
16461
87002
32643
44231
19565
13702
82036
30170
33683
43980
75926
56881
52025
43060
63978
58600
64315
97113
38806
77624
68366
82785
76350
82435
22483
37331
27490
40069
97630
740
49575
61437
11054
40375
28362
78977
48933
35923
55784
34905
14635
97900
97071
55275
71277
16442
1884
60174
82559
88818
88496
13595
94191
53857
57452
47882
39769
69398
71728
7101
99570
4917
74093
41305
88470
85636
99207
49379
120
16695
77894
11989
88453
36413
24157
78145
24785
96145
41620
68975
28979
40959
85461
40542
36555
70098
68300
3863
30110
89131
4105
34793
33047
26710
42830
18992
36382
78030
60358
67969
5241
54366
33241
10990
90708
63460
45790
14648
54772
19084
48278
6979
1404
79762
9314
86219
95161
46402
82916
75674
40220
6524
41345
45603
87376
98788
8469
60668
34285
85689
65260
27163
85124
64578
88922
8151
39835
17572
30271
46548
90247
99452
30130
86333
10632
89310
24858
10266
43626
86485
93530
18845
98950
14255
54913
59723
1985
5759
30995
79367
52037
85820
55724
9512
75969
29579
22483
19763
91918
74310
31944
64712
29909
84286
23112
28991
91462
20234
44684
26961
68648
44708
51307
45028
84567
2627
89871
24074
61825
52231
74660
67115
73388
85898
37022
22959
81008
72542
75138
40553
20478
73707
22549
10619
50064
34032
287
11333
38732
23400
16768
52977
34160
12886
32066
72864
17039
99513
8721
66318
17782
55878
29958
52059
44522
69857
77983
61094
47166
56882
29992
7052
21254
72709
47564
42863
37529
28111
6323
33804
68352
8608
37070
80130
70492
32110
27005
3872
75325
35293
60255
73858
32083
65512
60599
80596
47585
69283
36096
88403
66720
10571
15267
85982
41993
22616
7554
28657
47547
95489
16966
15537
3339
28276
87131
73141
88533
29563
58422
23323
39654
32798
73399
97841
48712
4144
75482
24502
99225
59600
7604
50526
3960
75452
32518
87634
37230
71526
64520
60335
86692
70240
23510
13982
84856
86136
96670
92383
18889
80331
20440
26118
58814
22251
76065
82165
88815
37051
25664
13060
74125
81270
2600
9509
46848
81562
9865
4240
48077
91771
73246
96858
20786
72112
42269
69538
8241
70924
31181
41639
76044
94226
44728
67670
42438
81208
38997
17481
71113
64846
26336
90191
53539
85976
45131
4059
83680
46442
80206
73363
7006
32366
37648
30319
7802
12097
49054
75178
84047
15071
4534
40853
47522
27599
91221
39782
78284
99498
44618
20197
57312
41541
3795
96579
98827
7821
98287
34797
4745
99457
84448
66266
67637
96444
92118
77441
55779
22995
38641
71082
24076
78396
16568
23888
8041
20157
63849
71525
74528
69170
80877
36481
22510
17614
67417
76805
49992
59512
14308
74514
28986
31110
99721
1296
59520
43698
7875
96090
5732
14979
9249
64263
52412
56796
15694
61273
58682
56781
51255
55117
27041
99425
60099
71269
50614
8076
6629
11472
49209
53556
9673
3421
55658
67362
92611
82262
67919
17828
24312
26771
39557
56165
72005
73196
41459
15935
86487
7966
91042
54338
92517
96802
11679
56568
62833
42263
54741
85539
12879
74335
89369
48452
65204
69406
40991
68942
97373
61814
38604
98976
5342
59135
12948
78175
85424
97450
72975
49941
62288
76100
76396
73502
67876
92730
1568
28939
6694
58939
22637
98277
26615
14432
87606
19878
51161
73287
99847
55673
19160
29822
7628
81169
20748
23483
13303
6706
14877
12312
24107
65095
62800
32741
79861
55569
14451
29834
9387
16865
40218
26550
87082
13300
9251
63208
83838
56888
77338
79067
32385
55779
62241
26752
56118
74764
52530
7271
42636
17093
17068
88419
78427
88519
56685
22641
99551
84273
66970
11712
54656
47591
61705
75129
21299
84414
40146
66651
64300
83099
68164
49186
75714
80206
83229
82051
90056
33885
26251
96611
25486
14882
49501
36389
61966
1872
49163
15992
30739
72602
23484
9502
56017
15230
63070
13494
59370
45291
38570
42412
10077
2884
62800
4775
80561
21939
69300
77520
45067
8866
67386
42777
41827
41388
4956
76444
4248
40
94609
81178
55017
74615
36097
37763
48523
45699
98685
8251
41641
27534
10682
61943
70644
72563
40235
10912
12927
80315
41414
35696
16205
23693
82670
53710
84980
4266
70963
33043
24330
74827
34150
82534
54458
22259
26686
55354
25924
86663
79234
87800
85133
3743
21499
57620
62395
96597
69384
86874
80744
10345
82543
33230
12733
78445
66446
10517
44520
33080
14272
