96979
70771
20115
21714
85664
38442
5654
42345
89297
67877
71470
89931
95546
57706
13080
61245
43026
88894
65894
38746
75954
47178
16549
54954
20428
71663
36105
37685
61357
48191
21618
64186
21051
23210
81117
98380
40577
74142
73691
84765
43192
35605
21159
24952
15536
47375
40724
68371
76728
59583
9038
7410
18100
3397
57258
79007
87049
11334
13977
39721
57304
50329
58307
99325
74896
12836
18931
69178
94227
96477
56609
5952
21830
91137
97399
8718
66770
83916
41760
57963
56132
86961
60759
68827
11600
90974
4740
67621
98878
48047
92119
90668
55553
91512
16358
47555
74962
7590
7728
87079
73723
83889
13119
53491
98832
73199
11936
23078
36534
27495
69041
66690
69709
76736
36736
92518
93044
49754
56925
85230
36045
60452
81899
72532
62749
11488
27599
18270
13991
99795
96712
62400
33164
43512
60665
2441
69648
88280
69341
38501
85424
92384
65234
84506
99849
34823
14839
81965
95197
38167
34195
39420
71256
48920
77799
60676
81153
72123
80521
17943
2524
14065
90682
72277
98266
47203
9118
42937
99308
74796
53832
79801
98213
39244
2759
98491
76869
87761
28190
96575
4136
81758
25582
81023
30053
12199
56726
2042
72024
62194
72710
6476
35404
40214
55603
95137
35996
92579
19466
92782
95176
92245
41089
16855
59740
92413
48733
61703
58013
28120
83236
98662
41373
46726
59955
29213
76062
49080
2336
18376
43995
27171
88301
78543
83279
91169
49169
70170
49195
89054
87507
35049
4703
35372
35069
80330
55780
82187
54914
87023
31459
84909
2811
25413
70988
38456
2211
21610
21248
85052
54342
34447
66458
23999
406
69944
9107
85877
76370
81804
96213
68872
52536
80676
38186
73328
29823
2403
98930
12109
72635
66005
45323
18991
94203
85863
31754
25060
74469
89371
61174
23965
82838
31270
7934
889
98566
88948
9661
57217
70060
69176
35532
23142
31043
56066
16513
13827
96315
82485
79485
51254
92751
12719
61660
43491
42222
82869
94271
85905
2260
57293
35248
24690
87610
24333
99459
2100
41188
72642
82031
84912
96523
60603
95398
62875
75400
15681
43926
92312
94233
77945
41316
51511
10581
32607
35471
69203
27267
60079
43089
85153
85720
68905
11980
2778
22455
66815
22961
97724
32986
68279
15130
53434
86036
33060
68451
5018
57551
79645
5768
86107
8812
19829
82750
89870
15846
16321
18706
75007
68387
73909
83843
70294
95777
36571
99238
57122
44496
77811
24636
38471
27422
39626
6193
34917
88440
96646
31349
83488
77709
96335
91244
53587
12643
53584
82450
35709
7610
58577
89264
3271
91355
90513
75377
95683
95348
16584
79498
21615
88501
95552
53332
35457
54150
98310
2290
97071
53705
4062
89405
85209
98042
29986
41165
98330
52498
4784
50292
43076
34226
2002
5006
80269
21730
7754
86874
71071
85528
9268
70099
41810
66196
55632
23923
64984
71456
60169
66819
36084
37495
85079
46208
11147
1369
73282
20712
58281
61138
69847
3245
67976
58274
5980
82749
61586
2924
2183
79987
35148
76780
84069
8499
76585
90584
94227
5693
98330
43700
26594
71018
34540
31736
6017
98255
62345
74846
84958
17185
19912
94136
31763
66248
10656
46503
40499
2275
2528
39267
1004
15967
54067
85127
29659
62528
24795
25259
76319
35708
56532
43755
90882
10466
44324
20181
54211
54581
50956
18661
52395
62754
57379
91688
813
98093
82889
84772
5002
35337
53538
64076
79051
87789
44991
53347
29030
65639
76940
58726
48920
57202
90172
80451
69583
46587
94533
58978
47487
81387
36282
79727
79222
82221
96688
65434
80292
42300
261
17992
72229
99656
80597
32722
80761
77287
24620
97158
59592
77167
91821
3713
19291
82952
84160
51016
58844
73155
24389
82234
68634
71669
85805
10370
97906
65767
4851
10272
57235
2997
99454
15068
57073
37933
10644
40693
67144
37276
82729
76416
18273
67578
98198
21492
58168
83658
87523
18516
15760
7794
41147
32587
24878
39846
61227
52020
7358
66707
4045
41175
18136
45800
80534
58838
10419
21844
1977
66662
87759
98686
80702
91302
71614
28727
21458
71190
27984
1321
68186
14299
64721
8487
3005
16763
32352
41389
29501
43906
35526
24247
10777
55005
89670
23691
74233
61019
37998
81054
39670
40555
77682
2688
75070
3513
30869
9109
35267
84111
36090
87623
92760
65433
28759
15078
27014
86151
25571
17453
98867
56744
26990
11235
39
17336
4422
27895
34236
2143
44230
57212
55981
36615
79484
57826
66043
82458
52098
74113
38233
63049
12981
67305
31325
47152
85896
15776
21989
42366
91903
64501
79888
51433
55569
6917
94472
74262
91600
63765
54467
96501
1075
82959
75759
91469
90201
22140
71046
76445
61273
91278
55570
6606
15513
26547
87219
60290
50492
38655
46418
67816
31043
28935
71487
62738
61909
94688
78523
89219
92766
51654
11371
82087
41880
85935
86860
47197
33303
10303
23255
8875
4366
40547
65750
58506
55133
26346
51818
33732
79592
68166
91376
81266
39486
26729
71976
7991
16085
84849
37609
4801
2556
52796
31203
35534
80226
17774
35552
19392
55677
25744
95132
99430
22454
49516
52173
81915
51096
40895
84325
51848
4273
86635
88429
18408
19997
88050
15100
20776
5199
62359
22274
29574
34400
20188
82310
12058
53775
8118
46929
90236
49586
17777
46960
10269
51812
53694
79816
58753
8689
20962
16553
6936
85996
40765
42548
37425
16087
26892
31064
9623
45976
59589
37349
49894
11249
74465
92418
10402
93118
43613
70317
26558
99655
63735
376
17218
49016
81756
96905
14016
22454
82270
82712
76666
97945
33149
90020
49561
71482
35707
32573
41699
22363
54079
56114
66722
81292
4781
90917
62772
15625
71917
49688
22902
54833
76092
36911
5956
41034
65791
61567
65087
4412
18874
74192
26519
31385
38762
81354
74680
14599
5026
25865
51499
48126
91285
59458
57444
58686
94686
76143
49784
44289
30706
19070
69598
25371
34598
21520
93217
328
76565
93490
96056
37285
41540
19351
37229
27002
46476
89197
21840
68019
68097
46746
74538
54447
32341
39
62683
89273
73010
7670
40402
51577
1669
22954
45824
4795
43403
51121
72970
44951
83766
50590
57034
52716
41128
88296
57225
31254
25556
41238
94857
82954
70507
21630
6041
2524
26807
91441
98117
41305
89733
23589
56879
28275
89524
61705
37674
16878
13189
28127
87620
63643
41265
30664
88471
34496
76963
22674
80071
77717
17167
78122
22869
98728
64816
53565
84637
21166
10426
22340
91297
21165
16874
82795
64700
77336
26011
61977
81222
87608
68299
58984
24192
65932
97365
98055
70472
46782
90221
90450
46908
93434
50879
36361
15906
27242
30181
33277
1049
69391
27877
95660
43461
14092
74361
32273
87524
32731
98903
72115
30593
42169
78865
77705
35528
57228
30059
35306
97114
87323
42306
65699
73898
30263
86169
56240
45452
62452
16988
75199
31783
24025
80528
92733
16354
49902
80916
99382
47124
3291
6008
82573
51027
26906
17934
94405
86473
38922
7280
19830
75760
65684
78228
33386
4660
21224
78925
14731
50017
14839
16482
78511
97823
92301
99192
62462
44038
93710
29932
9140
28328
41560
34171
71318
36943
56305
43603
68834
25074
33485
72158
25560
51379
6463
14982
19156
87717
61845
72952
83400
65700
70882
55393
13171
48323
49452
41877
35479
69715
61655
90350
26513
68963
37639
63280
74244
55009
84957
6144
8918
78762
34564
53271
49616
55859
77519
54925
44113
78933
16512
16471
11322
81754
77532
15565
30953
69294
1313
16546
63305
7540
61622
32542
23693
74792
38036
95270
80582
12208
4539
80132
94287
75551
82080
99901
63962
82327
43192
24161
4610
68958
49816
3630
32985
21156
51682
78588
1480
17298
71915
28866
82511
29440
58962
79185
72389
59459
89512
8124
53307
48902
65781
21577
24818
90226
62326
42289
92065
84460
42527
35913
77034
35667
82900
41002
1205
46171
14642
95424
73262
78141
16088
54962
3879
76924
67219
81144
61111
9432
7930
34882
74552
56901
25440
50052
94161
15536
33065
76885
10561
809
92495
78907
47589
21602
74809
39092
45033
88920
51612
81038
59728
50561
57051
39174
26560
97910
63847
18349
37453
73938
72100
67640
16014
22527
18276
55818
88282
58381
73625
76607
75908
4108
16218
30747
67081
36414
28833
28838
52668
6945
96153
34023
50262
54923
49019
16809
77236
8530
30941
25674
75381
79911
42632
86556
34370
94683
54018
31960
8995
61012
60003
26088
76050
75594
96189
96296
30705
84302
23860
3121
79363
63775
39658
81235
46241
66906
64790
61895
74278
79954
20949
43816
67515
71928
5777
13855
91681
77918
39346
31511
22497
47213
64953
81939
7078
4325
52498
71055
82829
16459
70719
83260
80342
34495
65831
47416
22067
76200
8354
59934
16911
50205
47405
95175
42419
77156
42281
92831
807
50493
24852
49581
32902
93498
83095
57994
74887
11491
46049
29542
46782
8510
93531
10523
68703
36309
10152
49826
11201
70191
52481
5659
99367
60974
644
84731
6879
95288
21226
91851
95813
7448
77023
30486
80779
25301
81002
35570
21838
99737
6790
38669
79633
62954
36055
62629
98331
84110
44356
17873
17203
42659
1324
25782
50051
19437
88529
