30753
79907
34658
84932
7098
14149
30699
98139
38801
25022
42504
74163
6849
21360
13081
97471
64463
34355
92296
4630
77910
46454
83417
92074
38366
83704
47184
46202
1018
90719
11450
83811
48309
33348
1676
5784
93059
3119
3022
35040
34207
29664
88284
30937
52981
42580
97588
46626
90543
62564
35544
23317
79497
43166
59485
95966
11127
29128
68414
18578
7827
45029
66482
4178
35900
78846
67090
14375
37763
79032
24103
26583
84566
40846
25231
53105
50309
17929
59262
85618
86812
58494
73631
91043
35171
31993
71720
90342
43883
81775
60327
10488
76354
11983
46865
11647
81272
92824
3194
56582
68143
47350
58350
7335
77296
65018
56001
5432
58717
72551
14097
16199
77331
80996
53987
95176
43683
19386
24176
65234
28446
60031
29929
76636
56773
38236
94087
59143
94240
70103
16759
65197
29989
76086
71950
46252
34609
25102
77716
558
20450
24243
3126
79995
60234
92527
30055
45985
26208
73619
70779
20107
96548
62083
53347
83713
38306
40488
25901
42647
16947
50563
98355
88144
1332
50592
35305
53019
30007
43402
37526
83467
79743
94493
1118
21111
30483
98305
23109
17355
52228
92067
30270
82705
48842
61328
43901
7366
81359
29024
57515
76285
59111
70803
96661
41703
30820
53341
50479
9402
29793
49511
13183
40963
27451
44514
50268
73723
27618
10477
9064
12519
90402
93498
26145
52902
8904
26784
45162
54174
74644
56243
47785
92432
58285
40804
17784
88737
1098
68716
3635
25597
59571
13226
18599
36141
70675
36281
18890
74677
8516
37271
30299
54771
84456
35353
51596
71549
2243
68501
49025
8616
17309
90201
70402
66807
65106
45587
49579
41906
17189
12790
42479
21570
95752
2452
34418
67859
27395
18561
85103
1090
45141
97164
32470
3197
54052
56037
59451
14320
60297
7970
38775
5049
26071
13140
10090
68572
53552
71870
10959
91898
19867
88116
78699
33415
82055
66119
63579
55213
46097
37954
45529
32943
47298
58036
26330
93392
20675
42197
77121
10561
49443
73534
57149
24674
67341
45025
83791
35427
56197
59736
26216
60648
24043
63509
15411
44693
71015
42085
11885
47008
50399
74924
48982
40680
10391
1332
74539
3186
58504
21012
46535
87137
25000
20798
99405
17517
14354
92079
86861
73711
24460
79285
24336
79561
82139
78834
99594
42784
90484
90052
93569
56229
8684
4839
55156
97809
88171
11225
3486
43363
70299
77477
89084
37281
10229
78037
31392
49395
29299
20320
64259
83497
13865
32298
63315
92733
72469
74788
99538
235
35135
49475
61857
19518
28728
84000
18322
18494
90494
88771
40104
73389
88272
96690
95564
14439
341
16610
32609
73890
70445
54093
6738
8692
94290
78900
79476
85177
12616
47687
7278
81105
82967
22468
64541
81644
77329
60680
96015
20157
6075
91073
73685
42129
99975
31131
41115
51120
91499
46368
64278
29324
24274
99608
72039
12133
85222
89212
61785
36043
97816
29252
66044
72314
36810
81719
24539
4974
24933
11158
82729
11074
50239
95441
42698
53574
99168
92956
25163
2744
34824
36064
62405
60731
62606
93474
31081
75684
16013
20021
51168
96842
64328
91391
22694
39993
90824
3400
45464
3949
15266
757
68606
2974
37678
88551
46605
57561
61708
71274
36362
16487
15395
58763
55853
66826
24730
76232
39152
25337
11133
16432
64826
94670
77823
75987
5164
10827
22011
25074
42191
4554
59964
69873
23126
48634
80202
80603
82677
65496
46421
74438
42535
25132
56258
62253
9402
71983
24535
90895
32098
81304
423
38533
45554
60425
46755
49683
24900
78405
6709
28605
96424
28795
58198
45016
3803
4479
9495
44487
7810
91081
20986
97326
5615
65911
47424
64456
91817
23204
82632
6479
47522
33123
54349
13053
36055
82036
60743
83666
4306
34570
62104
48072
37258
4164
41305
74844
89872
18179
24869
79937
25343
16027
12809
13630
21589
24362
