36220
4825
14559
48499
94758
15031
82892
17490
16581
15758
94418
17036
31758
30770
41890
38751
66017
40544
55620
55095
12417
52177
6595
92170
66975
23646
87914
18279
48795
68953
41599
85740
50320
55920
99538
87772
66576
96782
37039
69727
33592
23237
95449
64476
65695
32229
16279
5487
18933
86506
43458
7918
23637
54862
92624
98006
22957
80992
56767
14090
26189
76991
16068
98813
35820
47820
46446
51342
35402
66403
76117
10903
31770
35549
22347
98490
29535
92505
51677
52301
78425
34716
45976
54255
74740
71236
24043
59920
17055
33231
63841
12197
13261
9169
93986
40352
11139
5519
74796
20266
77903
72172
68971
99222
85443
73305
9883
69128
67549
29029
11514
5758
2908
919
28201
78390
43478
45409
64685
74214
51597
13023
57307
74874
31258
28569
95794
68781
38975
47643
31680
82080
37980
48197
24250
63637
15780
82411
7740
64976
19589
83760
24631
14761
76767
96882
58965
99261
58091
73777
20966
25173
10562
58841
79596
59230
33389
67379
13252
10224
95926
47485
50465
43397
99528
3577
2217
94574
66666
51355
45453
82001
95
68594
3349
97521
92475
3929
82093
95556
82564
6683
66204
88295
47960
44760
44832
98555
96323
84806
40008
17973
67126
19039
34482
67505
84182
36564
51573
59654
5582
53491
22352
17403
2093
35774
86534
13532
57731
71483
12595
55811
26876
75077
89933
58503
1213
35236
41284
8667
36697
49983
27161
56963
65870
28035
65720
36965
74080
73721
71266
44414
49485
14326
22500
88457
26204
73301
7660
60539
27583
40593
57861
53511
82257
42175
72223
3379
29534
64896
58800
19262
52615
49882
63830
13248
78243
27976
38515
41206
59609
34082
97315
18032
15688
3804
54641
76365
34646
25347
87882
96518
61563
92473
63845
47181
81443
80119
82992
41378
77304
43322
41251
30261
90159
22223
82719
28465
32753
21172
18241
89126
12165
18314
14618
24047
97735
53589
17134
95102
30236
37657
54097
86641
5809
22038
86266
5489
83926
71640
6326
45055
62451
84834
63971
93154
34886
13384
90685
59315
94952
44775
25004
46688
81900
22873
93776
96086
66284
99356
87899
85265
60398
27969
82011
75254
198
36437
86790
57342
86210
36714
89794
69286
89830
63279
36200
17354
28336
61311
24302
62031
87074
81815
42332
99517
20485
79172
52906
98580
94982
48069
39357
32916
46165
81416
64210
82846
10474
78588
54227
66985
57068
84224
18763
4492
89603
91813
28525
1540
9534
3429
30431
1855
32656
97235
50866
40500
28856
17732
44456
92494
11348
70271
78371
13438
36182
70941
3219
28026
85378
75717
50724
34094
97789
88624
15718
54860
80615
27687
25322
90005
81496
9553
71781
87503
26174
98924
87052
82381
29971
57349
67024
26045
72649
17369
11189
60375
85709
2707
29575
74491
38775
12887
82949
18881
27438
91591
64575
41568
58775
2034
2195
54007
2730
39793
57482
30647
27665
23756
26832
95360
66565
19251
2175
50424
66780
63917
33383
59282
60629
86504
44890
3001
56784
31540
98290
92184
93109
28692
59999
31003
10433
74650
28421
98113
3744
27472
98646
30380
82362
48621
94336
69690
23901
66258
76253
60525
38143
74901
44793
66575
66448
31162
89918
8354
29906
53025
6042
10571
5174
81043
81720
87991
50762
13784
94387
91547
28543
87031
88935
82694
65317
26464
95572
3277
77528
66943
47202
60657
38525
98028
89467
53374
2300
64959
37623
21351
10155
27139
23600
16434
97543
51964
93849
54013
87134
919
64036
24540
1141
46939
10130
14948
51037
47317
77120
14274
66029
84795
16380
55279
2979
81004
20600
74358
39954
81035
11243
55780
93185
5661
47650
63087
12916
68648
69196
50429
7501
60560
52306
89677
17060
7606
62694
45344
8106
24337
9822
78681
88782
92371
65378
64713
50698
13829
90482
61604
27811
7797
27357
80376
25418
40883
50362
64865
13034
8814
38584
6705
93771
15019
27569
88241
59835
24291
21338
67401
18817
4839
97470
92941
28709
10467
17831
65869
10902
96073
65433
43440
19915
4333
63952
15805
36178
9151
578
72220
13937
52368
65168
13631
60190
64198
39079
61567
42518
15013
15592
59422
23803
6332
10506
61542
30
72268
26241
57973
73709
29166
65747
88292
29953
80820
53491
56630
94811
59396
10007
71822
46217
58068
43749
1544
16721
90376
69407
47384
74181
93460
35368
18972
91661
77554
44703
9608
21019
12516
83790
53281
66019
33682
30634
73530
10259
43936
974
18284
92824
86672
4412
11652
40268
65178
25093
43553
57419
87992
11885
61166
51424
26901
61524
22347
13586
84505
4864
20501
11758
81665
61154
92810
52388
91624
8159
79319
55821
67269
27013
9046
51005
30687
19808
51102
36546
20132
65244
83760
73814
18435
73048
2477
74871
19096
21436
9051
22996
21489
13511
98419
16888
85043
68325
87053
60915
13711
70186
7462
33279
86726
35888
27011
51560
99345
23647
36073
20818
28194
99843
90483
93290
89824
76
86323
90682
18203
69561
91264
40162
47141
44576
55991
53366
47013
41423
81708
34111
31658
52319
25250
34937
20946
8625
82063
95235
17272
61013
99073
84419
30115
43445
34480
42458
61795
33230
99495
57053
49694
93005
88317
41838
45465
82092
26877
83218
132
54516
48397
4786
15469
18842
34313
57759
16709
21050
42848
83448
99362
25812
84314
9503
3799
13832
92168
35543
75287
83302
81918
35719
74258
42086
86163
55891
11874
3885
3364
11292
99313
56432
390
96923
15714
52661
64459
7379
19344
86866
8746
25419
49301
56964
97806
79302
90955
81334
73850
87758
7325
34050
33001
8461
70717
85906
21855
80925
64216
90268
98964
8013
60980
32578
33329
51559
30821
70247
92532
27099
68142
25714
6847
70297
83111
59594
82463
13373
48766
43141
76935
53685
50809
69640
42981
18607
43935
92911
93010
30915
78817
57726
36013
57137
27236
91757
90945
77664
99355
61573
86253
51899
16766
56240
13917
64289
77681
51224
18194
27856
26543
22621
64162
90651
19295
27090
49275
37539
57725
36464
92289
4834
51514
17614
58268
28501
55017
77984
55789
28020
17310
55063
73067
87438
78658
14162
3378
32789
44302
32964
47001
20729
67385
93639
66821
47109
76781
73712
17821
56191
92762
25406
66866
81279
83686
59846
68502
75786
30253
7300
64947
97
80388
7524
33997
14056
97453
95336
17276
87509
27203
85702
23080
82059
34846
29870
12976
76020
92496
9548
49434
1563
29493
59625
2902
38107
93295
61585
91108
59260
7030
29594
50769
61936
51288
19095
22484
15781
42387
23825
63254
58605
27087
91300
87915
29257
64586
79115
80692
73224
20679
94817
11148
78212
56046
10621
35017
97058
50920
20934
59687
93540
71752
15411
6586
3026
51987
73186
8241
34333
28709
44960
36527
51807
49665
78778
70381
67333
41038
62622
76249
40827
5370
2355
92564
34769
1141
27077
80762
93384
40788
15633
29658
20342
32296
67777
77437
10183
81031
1418
46097
48124
63088
43412
66852
30549
79191
95514
11834
74148
99065
99398
37374
75576
10190
95053
87201
55433
92001
65417
95
70481
46813
86743
15843
6236
32174
59010
75788
68428
55817
73565
69845
76268
14027
86253
90503
23096
76999
3429
16215
10669
50620
55526
61456
82237
73132
28305
98839
76480
37260
45380
79849
99516
63632
47342
55073
65400
89697
92537
22261
86868
79876
12496
11091
7579
7269
91030
47242
54673
5035
179
25145
56223
36408
18483
58774
11977
86339
77441
72871
27764
34875
30582
43208
24056
32636
16215
93785
7373
62129
89715
11346
49575
35161
34119
43101
54579
46211
18821
2292
4597
74395
65350
18023
68751
2545
96455
30716
25739
895
90177
52648
99224
5034
34086
84177
29699
3007
76545
616
9810
34851
1640
2135
91459
99334
12315
49647
32498
57312
92312
93311
88403
18859
31647
37124
70062
2218
42656
73006
82625
56609
64051
60828
32385
48069
48964
27058
38699
17758
59607
4001
16237
35523
45969
34038
99157
88047
68888
18860
63282
60504
38857
2361
64972
93426
81086
37696
56083
22347
4639
3921
53274
36798
48865
5721
36865
27365
3868
10920
29596
24759
53455
54776
58801
73238
68733
67507
36903
22227
88500
62069
4596
64601
58544
52886
68663
97849
66183
63059
32122
35240
98620
17518
58236
48073
74128
12641
31875
77268
43593
99072
81850
12779
36616
13769
6028
2687
31159
49759
97413
20366
58617
57657
3826
87711
17267
31680
66439
25172
56149
44700
73111
75260
8785
61854
31359
25125
1496
80251
12727
36000
34644
13538
45462
72519
36784
64402
35574
13318
21477
5497
77757
15803
34447
19905
77083
2644
64786
35862
39999
35263
8081
27374
8870
40482
11618
42213
8161
60511
2214
61910
42335
3562
95803
94526
35609
82649
14505
50286
31982
43496
91747
52638
80248
99006
28883
92838
13210
7324
77797
44849
92904
53348
63151
19200
34351
19350
25205
49321
39213
59437
59560
72024
67718
24654
53698
84903
52269
20838
71874
37821
