9432
19664
19666
43029
38310
84864
27443
69075
2782
20200
27997
17327
82708
93551
67798
66757
44901
42344
83561
12577
28517
19543
96279
17387
61509
96574
23363
39667
24852
99794
86223
3792
59498
20501
95392
28173
67364
4968
28214
33678
92112
651
75153
13223
78085
7425
19921
55184
96510
58635
35939
78271
96883
35691
27033
53538
88454
2137
13812
60420
81829
28300
68817
47968
23900
66084
33354
49951
40707
24896
6792
32997
62255
94402
85165
40682
40958
57488
40070
33279
91068
37744
71150
12805
70310
29748
35838
66101
96918
67581
58598
54840
45360
97245
48538
30697
92261
32047
9074
56346
90385
86500
6223
68516
33012
3933
73133
28035
33632
15759
67636
63593
86617
96209
66880
30922
93364
5371
78505
77135
35387
45478
71386
21155
50924
90660
80584
35506
24856
88743
20980
42163
33078
75188
51944
15708
91932
83886
71426
20773
50917
87292
82044
97528
32605
49238
64003
48923
67559
27792
10083
76483
93975
22643
26514
57613
91945
21755
80155
56700
370
65402
77223
14754
20977
12213
91726
67872
48320
61478
22745
3522
77260
58712
48944
75438
30143
87373
65901
62890
14730
28606
37300
78119
70926
53049
64564
96960
89426
93956
81147
11957
88651
39292
7495
84741
17661
71956
60613
4992
12234
81910
98192
47011
68874
71751
91401
51724
17252
78148
62778
51912
65421
35551
96003
1493
64118
15729
22925
65904
86573
86934
19844
79924
48462
49881
99841
81734
98978
24213
70868
87576
98496
78778
40336
80050
60866
21781
86089
44933
79126
92754
80979
6307
72256
27300
53603
77884
87567
97692
91360
69597
68427
67645
43606
62820
50236
37993
62481
95061
78924
1476
26909
75506
55694
69484
31277
86499
99368
81351
84479
12854
83379
57690
57302
80840
48321
13240
36512
81743
12930
1834
92575
1101
6489
26364
44565
74030
23833
9972
10624
39485
60521
91224
65254
71890
20182
75642
85716
27241
98662
48720
59035
52616
40301
31433
38318
72951
30542
38258
82588
87041
36012
79843
87783
75864
28356
37721
18313
50703
31288
26840
78284
45928
11695
53201
19459
91902
95088
68493
69020
87157
23311
21396
74400
25787
88114
6092
4689
25978
68068
12531
18573
48621
68266
90115
7268
91192
12343
46732
47593
91351
64570
18458
55096
77194
66158
61710
10063
56637
54318
39313
40285
47094
95291
94666
83592
8472
3220
34070
20479
57373
35642
66306
62539
8540
53300
80657
5959
10719
7114
79842
10996
18443
68333
22688
48133
68694
49283
72889
59530
11953
71558
94823
20410
80845
26114
85137
49194
66408
35463
79725
7474
11931
71987
29686
51324
27420
8379
97006
43988
73886
76313
80951
16644
66010
87670
49547
68724
94164
28987
17004
32185
72322
74277
77599
85154
77114
73961
79265
89543
55063
68377
96028
44498
40013
43183
37419
92977
40796
90928
15132
92261
30405
68191
72457
60887
92233
40870
70376
44268
56390
91607
15729
99161
89678
22735
11483
83212
86493
25810
6895
49924
44736
4442
26226
91729
763
31043
58677
44199
40460
90041
99351
63024
99741
10234
41286
11995
17050
17169
31993
55051
2933
42778
24432
28337
47261
13982
71993
79273
93433
4563
39794
98764
70650
75337
30498
40017
90335
46496
51846
12785
80814
42978
85235
65430
55576
28795
49929
18845
84747
99502
95855
96062
66847
33316
99463
99282
78469
10866
81734
22092
13219
1180
15187
48814
8054
77195
37621
85196
95117
67964
44310
85061
10213
76674
87523
86101
35288
93719
72477
44616
51559
12264
2220
63814
32405
10093
90437
43193
10702
96034
30805
37554
13939
31801
84291
3353
72318
30857
21625
27406
69947
4739
37235
78331
27315
74240
33028
94701
74421
87976
55658
25479
98264
94054
59307
68151
25822
91918
57516
7840
34213
50938
22213
46741
63460
19880
85851
27369
44031
67125
3455
95405
41345
85365
35355
18317
62428
66469
18553
74498
66156
2287
4869
54290
67788
95439
57453
69075
30973
70415
13702
47505
95953
59838
42280
8998
1398
3312
44675
43756
19100
37014
77631
95889
35726
71018
1758
41597
83859
48338
93793
77931
45789
54752
95212
89278
27795
1701
8276
38554
30122
35904
92115
37926
18420
38805
56055
90001
36093
66563
95169
54503
83848
47012
63910
87804
32631
93879
37668
23051
29258
20515
69253
7177
197
35484
7530
87741
58287
80593
8835
47343
69641
28274
38282
16234
43505
89726
27725
54820
66581
97797
29873
86887
15108
19328
83943
81668
42944
20519
87234
28300
61971
55858
49153
19717
2315
76232
89444
64732
64205
55093
30790
76799
50733
12871
27419
45898
1343
79310
66022
85990
29564
71007
72995
64663
5323
77147
62937
63883
12117
40275
67314
91147
52383
90923
89341
58906
70609
45013
41384
76756
13021
1159
34560
55699
45154
81369
6720
6668
4158
43085
94636
26573
71388
53141
78946
4258
12647
54886
56315
46052
48393
78628
22258
16018
84268
42467
80202
9530
53546
65741
27626
30458
97341
70481
8486
22053
35938
77651
62640
9509
65110
14411
47625
48226
45009
36235
55878
35956
36037
33448
1377
39296
76026
35585
3696
5409
86136
48951
54568
78385
39066
62855
12329
16314
22498
38236
32990
9922
83118
48692
13179
36551
42145
78477
89823
44270
31972
94539
14213
50100
15353
472
93957
53573
13509
49057
75322
12318
87580
37043
20628
99833
89060
30949
20566
67325
19155
75840
69737
61238
14450
20433
25171
6026
6843
51309
62251
47753
89380
66646
40186
68272
56456
35592
90086
21990
76790
83234
42679
17694
626
13126
19839
66373
98838
29397
24364
42707
80896
48706
75789
62614
41131
98660
56565
62209
38261
83769
52531
74517
21867
62623
94375
39492
81306
20686
32653
50122
7499
41969
7943
32875
26078
79798
9837
84208
81601
1989
53737
36580
26830
38994
42774
7165
98530
94887
23711
90361
41786
90567
90288
91266
78571
96137
35237
61407
3059
75134
3062
90328
26171
7156
49711
27031
84867
77376
72344
53808
77917
21554
32719
11666
89185
93367
61039
81323
11902
77231
93648
56671
92981
4256
67570
8630
75109
41586
67642
26482
26165
16071
97894
41067
10465
2106
27784
79604
74398
50402
46080
75481
90193
59590
40402
57972
25906
95743
8814
76653
87117
46292
1387
73195
6431
54242
84248
99234
40545
16227
16414
93193
71463
43639
30568
71214
98390
79928
12954
57750
49898
39147
84676
79936
42146
80896
96971
76489
58253
65052
66371
26671
26378
36034
92195
87799
29592
70785
18436
40763
89366
87306
24858
82217
26285
51241
57999
69378
16527
36908
41785
18780
30765
96112
39577
83851
63275
63196
74737
87877
33401
77987
55183
68657
68949
39660
88882
99100
61638
14004
21893
84028
18454
4185
78300
97621
19545
60799
32259
18218
33250
50888
96405
37602
31913
27534
67960
70436
98337
41773
34176
66161
12033
16759
2087
30476
56872
60494
84086
96408
97311
27881
40439
46035
29058
55473
52622
73061
21846
83003
77238
93757
36951
44644
9284
59164
20121
59891
65641
95006
41818
79093
84960
97422
80941
41850
28442
42391
25693
87860
57559
24667
95766
19265
59362
28046
73767
51152
87795
42964
70571
2566
90304
89701
39261
74264
93023
75890
95382
31403
24981
15542
97404
59439
71993
63485
90624
89770
64288
73880
20183
97957
18447
74394
74418
61874
73827
58651
28484
29711
86419
38726
19981
88481
68962
66756
3272
42532
95140
30129
97247
8538
17804
48259
62455
8535
86449
50614
17882
95807
87511
95454
35063
79743
72584
96628
27794
25301
84291
61833
89396
90268
37249
9902
16316
29271
62515
26942
96764
37300
77852
41590
36178
27516
3301
48171
37480
38178
1806
83201
53419
41782
87996
65472
80725
85812
14770
42860
71375
29018
16909
50032
94948
49706
63740
70396
97892
93244
48724
12910
70422
94870
22863
59786
49890
60811
60944
14662
60605
15867
34876
82460
14435
28806
56794
41957
73954
8270
46057
29984
10448
21380
68946
42213
72818
24796
97577
69652
20195
13750
35468
32259
61060
88375
61148
41477
84702
8657
48392
22047
67048
59429
31850
50114
82229
75029
279
19413
53651
79619
16038
30235
33952
83625
79184
6933
11884
39330
77212
88849
5984
99430
87405
6854
19849
41154
27738
53106
1885
15552
84405
75140
73595
56652
79324
77094
64793
38396
79307
90643
21557
98633
90129
86130
33325
58884
23338
30408
59203
56247
71395
62087
20384
69473
77631
47139
65531
65135
41504
98249
9007
11759
56754
89824
88065
9909
40340
77221
84410
64405
73379
33562
7975
81235
41855
50409
46354
6180
34462
9577
41978
34764
27716
22585
70986
13869
64341
51454
62649
24208
9945
70047
16284
79813
55128
98612
43790
5794
15417
45904
90253
58852
69798
23018
62493
36380
70133
50977
26019
79436
48358
70169
14536
12505
46135
73864
32945
78664
92488
30356
24765
22613
58971
28655
17924
46024
29047
81216
59084
9741
28590
43830
95983
85594
77834
67601
69703
66934
41563
80847
34345
31475
73991
9771
30297
12628
77520
85949
99076
76211
20445
55929
42687
18308
87690
3679
98478
