54512
41831
23646
58265
3094
50774
87184
27621
91313
7946
22474
90555
71335
78955
55583
91872
54873
92185
48775
84186
41392
85543
97023
90889
39265
37915
76735
32010
8981
14189
59863
90327
57669
12972
83211
94379
92348
69476
67560
47492
95735
32582
14117
37491
22851
4709
66849
20457
29315
5859
18408
83705
32904
99108
54648
58109
78818
93794
78152
67962
26061
24806
24688
77738
97455
91609
88228
19464
38995
29037
99894
61829
15652
73377
64146
12735
30148
81907
41534
30686
88875
61793
81520
57220
54810
65138
51140
72537
21156
10985
75701
19551
11398
2176
6233
37753
61565
15267
55087
97635
68699
55048
95847
28825
95910
81709
6628
90679
8833
38375
46893
42742
80919
29421
97041
34329
45723
25908
57354
47407
93175
3453
98248
95026
3817
49999
77347
98734
90072
16179
90554
42747
66838
19381
4047
30061
5051
54077
22086
46264
31324
5666
81510
70532
24385
12781
27995
60047
24727
73927
21398
74075
17781
48303
37956
96978
72832
57783
85619
65624
20061
57317
25461
5996
26265
4349
96910
36223
86189
24387
77436
98822
80859
39470
68368
43656
66910
99039
87694
94897
51630
28601
67947
241
77266
90561
2732
78694
85149
33753
58939
54425
55253
93429
73397
88512
20055
91865
82453
97831
32890
81235
90934
80928
30490
65023
72911
54385
66960
32034
10928
40017
12215
37891
22565
33174
1691
72965
93663
25500
96173
62760
36071
51669
60639
57074
14401
78960
99263
77603
41113
60959
90052
10193
22111
32249
47096
47521
46110
29630
957
10805
50159
87248
28496
4974
61015
67933
82259
90744
7464
61113
66507
89194
22213
98890
82105
69658
3654
16137
15676
10159
87559
7957
79782
61095
86722
18386
20384
87523
92535
27914
95408
13132
96707
94241
93974
39902
83578
40590
9700
71407
63911
78983
3460
24890
69570
2094
91063
77467
5167
76567
69570
55206
57515
23174
52275
40321
96680
74727
16890
41368
63415
61348
84036
44069
26949
84547
33885
36265
14373
6451
37647
79525
58290
98646
27550
82041
82915
66238
54079
12707
50476
87104
82458
84664
19569
83681
61695
28082
25001
75291
58987
66582
74708
42602
89907
9477
73503
72719
90461
72848
25666
43284
71014
46522
38836
47067
64004
31108
50156
54699
27500
79530
22332
62524
94852
90850
11998
74994
67052
20706
95747
26579
28887
92289
50167
56876
32559
14564
21423
14407
33178
40293
87192
79534
79376
25452
9170
64993
59270
83731
97907
73744
77089
65080
63391
68128
89008
25645
4575
31796
58082
97924
98964
86419
97646
14620
89406
58875
60134
87414
29393
81459
94014
92757
40471
47551
35348
70792
55748
38297
22512
636
72049
82009
22647
75521
9909
7334
36687
64650
85393
3660
6125
15153
30626
7814
79164
17125
60965
94781
6502
27530
75913
62016
27700
24578
98122
61813
77966
43221
298
54324
92121
24547
43299
24965
7646
97072
50430
34280
71906
96349
72678
45772
40004
20781
57572
7791
9196
16180
20379
49226
73393
79361
30492
85610
96977
71925
68180
22143
1060
39409
77259
83243
27213
38097
37776
94396
93856
82049
9477
91416
88691
36268
51603
34652
46904
98456
7456
61247
49350
31402
53244
17262
37524
30843
49843
73262
82847
39469
3415
41940
66641
46801
36229
84394
24138
46738
92567
12869
80974
59891
56249
72109
63833
66134
36112
8879
98252
34366
83679
19800
16091
81056
43281
1338
82730
36930
99070
12580
19826
52037
75644
1394
43271
23402
69402
37631
57981
86650
36296
43206
51256
73202
38304
8234
4640
98038
55728
34812
595
9530
5337
55631
34750
2463
65404
33270
57094
68133
97862
57857
56205
31271
75052
25714
69449
2561
64008
99676
49067
57651
94685
22959
39141
38783
40257
82773
21694
63591
67374
97313
71479
17075
72157
30336
18523
97416
3788
21213
55070
84054
91682
55166
39293
97293
34505
88345
41989
22760
79760
85462
54465
81108
21125
23881
25884
33669
67471
67417
26601
28090
92190
15471
40325
4529
54444
88774
72475
2586
94933
21636
24619
31917
47961
92462
25680
95363
78869
39199
29393
82394
51289
74482
84489
82848
52242
36400
59183
6161
54742
85159
54746
29673
77345
83323
74315
41104
8019
77910
22549
84931
95730
36293
99334
70111
77290
74676
16489
47537
99324
57870
10237
19560
15590
42139
44207
1067
88462
79089
97806
11866
0
97892
13049
43479
82859
35575
29265
9979
14161
90669
69563
62111
76530
34195
55567
16718
79607
23813
17624
29331
52680
31860
36548
16840
64462
16091
99942
19238
99576
33141
81224
74726
22993
19009
52718
70814
93415
38331
25504
25584
44548
34778
68218
47895
39209
98586
94564
23051
15392
4054
25033
71377
85699
59799
22179
31088
21948
57596
70775
24027
55311
1842
24239
73060
48980
50999
67000
53304
55178
4807
48756
75893
51200
26619
31103
22569
60234
98911
49590
72191
1857
71847
34954
86087
84403
79675
56193
48213
46780
67868
45050
88198
80891
95042
36610
50593
17424
48047
13941
12061
37610
36062
76017
89699
81420
10070
57695
28352
58731
87794
18055
2519
34141
51008
79175
19311
48397
22046
41240
62967
59816
19417
21879
78523
37609
38628
67685
52496
15685
3626
64131
11838
20287
86714
26434
28905
17731
359
88365
89801
89548
23003
18651
56252
31495
32821
85282
26997
90184
88272
56934
83728
96484
12398
77645
88697
28387
8997
76027
86417
37706
63102
73469
50194
4716
55667
37185
5810
42826
52909
83383
59224
61325
14433
73472
52979
8477
1132
61920
76854
59477
53731
48235
62283
84222
55963
57505
97244
28350
92531
24045
8519
67708
61326
80907
71651
51150
1832
64357
25391
29502
57184
26921
87087
79560
96069
15150
88197
71145
82447
9040
75007
92523
96047
38826
48620
44922
74604
91895
50427
40383
70063
97626
34516
88882
85234
31209
6854
40404
84848
8824
52589
55604
55541
56053
17429
14673
22963
18979
56843
38246
21032
53157
17662
86413
48307
69493
70706
22370
39500
38033
70161
75709
26359
50755
75704
17078
61446
22703
36734
60675
30809
67127
4594
43967
87074
14768
8269
95075
93209
60047
1833
87406
79008
7601
67764
98401
77289
61503
39276
34684
24871
46425
86921
59443
84581
75153
99999
59500
68860
80039
81665
19355
22982
7354
68132
27356
56460
32966
77014
25232
94910
95363
87592
26328
61451
57777
56657
70219
86683
4982
77617
51761
89320
52366
97652
61168
65768
94900
17974
98393
76252
51935
15626
79846
17533
70016
41748
38409
27814
30462
70876
28733
78155
70988
98597
88973
66487
71409
10745
77398
45311
72298
76354
97717
82180
92445
48681
50498
73302
86069
93889
99736
4875
33939
5361
23384
84247
93928
3093
24579
43529
45996
62275
16357
51990
54161
62903
56761
60393
33805
3151
3578
40352
56434
73235
78324
74867
46052
43625
77643
2385
21350
81731
46937
16053
16178
74538
35844
72255
67090
1207
88070
68127
91231
69253
79138
6391
90430
686
4759
77691
8100
30379
39829
55566
34373
57913
33458
17222
1876
76304
78977
74512
39680
86247
99517
23781
56113
92911
19567
749
2560
73807
50787
57108
29760
883
6432
59237
85781
97773
72869
46250
20521
13972
8963
74513
55470
1738
14534
18864
49414
88648
7604
96939
40875
48979
76809
32324
76296
90479
30170
74714
39338
89567
44269
50793
81109
27679
28984
28283
13765
4180
62025
37379
70630
27175
14856
8779
54838
12535
86953
55532
95472
53607
88925
47159
5255
59300
66646
98812
87117
96644
38365
25643
68243
15410
24637
93178
49741
77008
86991
28128
47630
57646
55381
40927
66586
46590
16761
51198
91724
14392
57540
436
5669
83066
1204
82377
38277
90448
59051
20838
34566
4378
16775
77264
82792
8789
12530
75776
79058
53498
23175
92197
17447
32167
64504
65382
85396
28843
28625
54072
12884
52449
26986
80606
70944
60749
81133
73976
40158
60563
4930
49056
72979
59373
51749
36261
55080
34972
58053
6467
30410
84448
842
19704
92239
11535
562
62964
58168
12240
43405
32396
40969
22674
67291
58236
99056
133
54403
66997
511
18720
99766
24781
62800
74212
80181
7997
36655
9328
30711
3348
87093
90240
46955
47632
87114
87867
70522
79730
80367
43425
82384
92082
87899
26659
24203
37034
31090
27358
91263
64605
17969
55966
92303
42582
93329
67520
51325
37236
84404
64615
34355
13575
83356
79749
20195
47700
95387
85149
98334
30664
47066
29047
69490
83179
93244
51397
44661
93569
82961
89135
87093
37569
44814
41354
18247
37885
30476
28131
13610
73867
11425
43258
47121
57216
58405
70750
4031
48339
45717
7760
71128
99780
13203
12413
30609
78095
87600
74069
29235
33619
11917
85658
67968
58726
56610
82978
58951
99565
89519
4243
26458
63626
62910
14643
86376
96096
35406
35333
24785
81665
84227
14017
10403
65216
78834
75153
17905
74825
80974
91833
9570
73517
8043
28513
21223
62461
46826
14010
25105
7550
32855
17582
97103
63818
17020
17394
98653
27646
25490
70309
94699
55449
81641
14706
68217
49336
99384
63878
59131
25165
76155
76605
50825
46503
10766
23590
51022
29176
46470
3733
65435
95412
92754
2559
42401
84041
10771
26663
74596
3748
56755
92623
79999
50092
65408
96616
48383
93822
20907
41841
31953
87944
7099
54844
79116
34067
50356
78990
58923
94763
68715
93576
388
37969
19114
70433
75651
51908
90903
46417
88902
74586
28272
59762
93965
40596
76832
71077
52654
59778
40334
65597
63259
7240
2307
12341
33954
22297
14436
37940
49445
85079
78530
58152
80823
63882
52213
98470
18412
3768
89770
26715
65261
57493
89087
15166
14997
43540
53204
47491
51921
52821
90728
86660
53480
15605
73200
24000
45693
83230
39477
36697
60632
75415
87307
91291
71707
93253
20466
44101
37317
432
26208
6002
66296
30796
42226
58640
29678
89046
