36558
79897
27181
28929
93613
96126
7664
52627
50396
95131
51491
49767
13293
76069
65421
70293
8955
5024
76376
16416
42209
9179
33832
79512
77958
8317
68084
91326
95629
3024
72927
30760
11725
21114
54813
98772
91082
9059
92217
98183
70720
43546
78724
32680
1462
29848
81269
69816
72017
48263
30966
96540
17796
7676
78184
32593
32445
66151
85728
57039
93960
82466
4483
46278
89182
69661
74339
18074
70595
31871
19922
25453
7565
79147
65427
46757
495
31444
75748
73714
10871
42587
42156
8081
22731
97778
69921
39212
91853
64105
92557
89873
57781
2490
32805
85673
90778
81657
53959
24672
20923
69963
96850
98051
49742
19289
77550
40180
76164
96720
28783
66941
78027
64351
4077
94929
77968
55322
27819
20897
88268
45058
66698
80794
73047
70693
18405
808
88189
8794
62002
98998
59484
81745
91030
95445
37674
26537
55224
41255
25454
26208
69587
82355
5952
73812
10647
32682
14800
11547
8830
43205
88639
63549
63235
18129
91742
59865
50430
47752
69423
31246
72493
98561
1979
39666
91139
25554
36152
97819
24570
49137
52444
22397
41598
69574
86075
60539
73636
75624
56989
26624
79279
40817
80032
87438
38531
90790
20259
37766
24096
68133
30329
15581
95715
17413
57014
16253
90193
62347
32082
78592
34519
49549
69182
32019
92424
88823
72787
13824
65735
28693
27896
88193
11048
67638
79887
24565
99541
16492
32774
21918
43138
95483
91095
97667
33782
70624
45733
95145
94239
8441
57248
1997
18628
55505
21570
13331
88785
29777
12450
18093
88622
44459
82605
34900
2773
71897
71266
74415
78127
94981
9631
59387
47244
86585
37753
90588
61200
3754
46447
7127
56050
82695
36058
53024
81896
73038
40237
28403
56450
55413
97394
73313
66024
45092
65059
4929
26034
96237
63115
4771
30378
86254
716
31568
64503
77820
88685
17549
30439
27327
64261
91166
33811
32816
58303
57668
12580
91915
16420
60402
45183
70856
44929
40404
61791
69338
90183
9540
96543
2820
75507
53382
60925
13780
13837
83972
88840
66519
86129
69789
2491
76303
25703
80448
74811
72945
76908
97092
19011
1364
2845
55879
18684
17227
1342
11652
22954
44488
51016
31602
70342
23422
49908
54615
72254
92727
28105
81009
82461
17305
12674
89490
2445
94549
98354
13411
24139
46266
30689
46787
91414
30796
39602
92049
69526
90489
70906
6114
47799
83354
50838
49130
64988
34531
84421
91122
39029
83181
32312
85773
3296
93444
32774
77688
48
44315
35477
69778
58370
12594
92102
40729
88720
15528
5028
69083
59103
85299
69880
90031
78928
6241
60302
83817
5749
57443
94045
70497
7403
68369
88309
64830
57434
13194
59247
27183
15276
40704
45646
31598
44262
60982
40002
60543
50382
87504
91583
27388
82564
63851
5515
22239
21327
87919
99560
74574
96793
83361
95930
26935
19336
57885
19384
18001
76573
31149
44778
80448
48894
11145
87373
69277
22440
47309
57395
49663
33197
91022
6730
89894
58762
49725
80059
24577
85436
29594
45392
76061
17378
23494
19625
47895
61914
15907
23643
33147
20455
44587
98426
12540
38027
79866
88739
52613
16096
56887
54191
52487
73117
23449
98813
29339
45191
46737
19756
77297
55208
55885
63336
82225
43047
84152
42339
25759
41660
14426
12390
65955
4309
24821
27126
39011
36728
77367
92022
86834
64672
92050
14957
78544
72067
951
7937
60557
77925
82783
28857
39478
81183
36792
64817
74831
91820
66847
49188
34492
83856
11462
73502
44723
51294
73544
2192
48816
21539
74894
23325
73629
82558
84758
71676
91651
9764
49213
41848
57756
36567
78690
68618
94430
98550
34671
89276
97003
95378
93386
18457
31302
56855
54294
59811
145
69938
4178
50824
62226
22062
43907
87209
97189
42781
34193
1494
24072
80527
19160
76808
96810
34182
42061
61307
20110
70213
76208
11298
51755
95264
55973
31845
83300
21400
7676
2481
20096
56582
48220
72610
13736
76521
40558
86315
35235
85694
69355
49479
15679
55102
27681
83479
22543
32246
86124
19207
84530
54860
49388
72740
25527
64069
92305
9726
19159
4941
7064
49388
29417
22819
86591
81027
59975
12334
15161
66000
95059
52673
36660
76373
78115
67471
23354
77797
41010
80581
73579
98619
66164
30
25471
39863
36721
51622
85668
71399
5780
948
36835
28500
94701
47938
5982
69953
12618
51675
46664
83961
74557
44801
12541
31347
83949
26672
77165
96853
36788
82301
85447
78868
99365
60174
5964
85460
9234
56187
90037
20343
49944
93230
33515
36254
54078
56362
80205
5160
96294
42042
2124
4866
48264
6567
41041
49752
80842
53615
98230
99775
15255
83750
14917
66306
44767
39728
94590
95980
70998
20648
80174
54472
24976
5252
13996
50933
71999
20091
76538
40829
31499
11825
21177
19982
78388
34552
96413
75876
30700
42898
74524
93601
69881
89446
86192
23313
84703
61175
94267
3666
77508
53707
26724
1387
22408
74449
28761
71052
19021
86147
87071
61046
42502
50867
25514
91806
50848
11124
70717
10697
73841
49624
38597
84161
74509
2022
98340
22308
43608
58115
29076
43674
60365
76069
96312
78630
28634
51546
40108
78729
76596
29009
85060
46307
90261
16038
53349
23690
36308
63125
86420
84637
18152
1216
58299
51959
644
87164
94136
24744
33437
93325
91234
36212
803
91639
76643
78941
26573
24869
25371
28069
66851
28057
6267
65027
30325
61794
18897
54474
76210
45568
33990
