86690
86410
78879
61890
12041
69275
58341
9015
5380
77357
64982
89893
74600
50193
39618
61368
7982
11639
61677
4252
24510
54472
21035
38121
27333
57430
57437
40204
57625
20788
89447
68555
77528
48060
62791
70288
20248
46040
83997
89313
33053
63162
69374
74855
4575
37033
31686
31977
11726
75988
47265
48366
43456
56655
94855
77882
58725
79782
34130
60632
14249
89920
96616
11816
53955
31107
94679
17134
86526
80294
15221
31242
90037
73011
53962
87559
73398
11676
63404
92682
93159
25916
33014
96697
71224
36427
93711
1914
84087
59140
40361
96836
97474
74845
95817
79607
1567
80923
97911
65803
61505
36472
76867
59042
35420
9860
4746
99782
28022
38622
40840
97566
41558
15622
67315
95056
57980
22523
7962
8407
36219
41870
49565
37808
36711
92465
40177
44502
91665
49228
21512
46132
24014
28339
63696
90970
80622
41242
9770
33385
86006
46964
4639
47876
41718
61175
78558
87020
93469
12593
78784
9925
63192
72558
94694
82050
96480
21979
1435
74727
7134
61383
55098
73273
10085
14402
8437
36269
21522
22807
80314
35409
70769
82045
4338
45248
12335
20293
2573
45277
48510
81106
78728
42886
72979
30049
1905
25167
24163
69041
56756
99883
93323
8665
68823
91536
66956
18323
74856
17146
95592
46850
97086
78172
71844
82121
97684
69930
69382
97139
35073
27972
41509
12265
17292
2027
3080
88476
49255
72467
22757
54920
549
1668
33927
65563
78318
43239
32074
74324
75824
15741
64019
15854
81415
84369
30130
80016
74950
83999
14491
72094
9093
60057
29960
57916
71485
99883
15153
3301
50391
76556
48627
30663
81280
29599
51857
32054
34635
62556
37104
97599
16379
46098
18840
41017
91439
77169
48148
29788
8251
59592
48327
56554
97435
39639
26944
20455
41392
51255
14645
22346
63241
99937
34264
16253
63293
41736
35130
893
39184
94363
36925
79728
61797
51143
15069
65796
43298
55311
25297
58386
25862
32123
8973
72706
40105
69327
42642
60744
30745
82684
95418
21832
23705
2611
36036
64771
13622
70403
87737
49896
83678
38087
63640
9082
30655
24654
27822
14433
57326
93202
18101
42311
11532
78508
35304
58317
96757
12578
50832
31018
52486
66927
9379
67411
4349
54668
6940
51552
13811
12911
5533
59229
15074
16554
5578
16235
12901
58232
34453
65499
29241
66017
25470
9275
28803
20385
55369
96520
24136
75046
80393
32793
59331
82424
61107
203
98092
73890
94360
88350
96728
47284
77105
53688
25512
69833
11298
44373
12915
13274
21677
50422
26341
99795
98951
64863
70324
52341
99768
70596
78514
10930
31813
99780
99342
97774
27486
47830
26903
88347
62819
62497
8382
72977
9660
69987
67260
74090
18591
44710
17580
17951
17701
77026
8686
46535
77981
44192
32168
95130
40030
43764
43138
54323
18691
5793
96492
81208
2330
60450
75488
23993
41733
1060
94740
76599
79897
49042
92652
85431
8489
96889
89349
89173
49355
78064
75299
84297
50142
88572
13150
73900
51997
63959
80666
75556
34240
97659
56228
35061
66014
71797
49983
17267
98164
60005
13543
22641
9891
53258
19032
8750
84264
54398
84306
79565
24217
84758
35353
42296
36415
47164
39142
21412
4196
93626
10612
62549
42790
53131
96040
55243
80104
85211
61644
52687
34575
38355
71123
69190
67969
8812
18693
91577
75431
14981
95238
49441
37744
25325
4363
51005
1435
3642
12389
6263
71223
64498
11786
27155
96297
63794
1027
15714
6980
84676
35541
25452
11585
17352
84219
8662
94590
72941
33822
42928
66758
16042
19700
63776
5402
48523
25375
17247
88742
27855
85827
86114
72120
57383
49734
36513
75840
42978
4464
77956
54473
70852
44249
29033
95720
24613
66792
33514
53224
26222
16436
77151
52264
55065
53077
14176
19791
72177
15163
24294
81037
52484
62398
85905
33754
6951
29183
69390
58129
58667
93368
25444
45490
22115
66536
67781
32168
23297
41844
26976
6229
89863
93330
82771
14228
35012
6657
65856
32780
56720
35415
56967
85435
74700
19366
1081
79195
31519
71478
97534
7011
91410
39063
23122
12639
80588
71059
94512
42536
26259
78232
78766
15733
67986
56012
16342
27187
34744
50695
29605
62630
3725
88927
51734
43720
82832
57637
25817
41098
87834
17027
92016
89966
17229
52749
1872
17867
63179
25051
73114
47599
35212
52487
25819
69511
14909
75649
21292
86944
4426
82477
58767
26125
79442
40796
71802
67598
8021
76070
6236
78
50859
52742
54584
19621
15533
66066
67990
97081
97613
28017
66144
15056
4888
35626
18004
31863
27436
43007
71772
64571
85935
19389
71207
95704
63332
64606
7222
98953
880
70797
18637
48091
18559
64476
74003
20245
2024
36662
37656
29780
83472
70422
47419
32287
32200
4975
8853
19497
62140
33391
41503
85415
58278
16982
96288
81583
21604
13624
99982
95095
33157
59539
72712
76814
41685
14473
7411
19260
86611
78760
96407
33683
78224
17384
39621
4101
70396
80980
71276
2403
77648
96588
97624
33096
7992
12040
46841
38893
5746
16993
94106
39021
24394
30920
39774
91021
78561
43799
86660
63739
56317
18720
83612
84360
8263
17363
76891
75495
68225
89023
38291
29733
1925
71809
19537
78517
24563
90646
16139
99799
76066
915
10750
74666
93588
18789
5974
46963
74867
99793
49667
61914
83191
75613
1942
59859
4942
35857
92427
79403
34097
46246
68743
80683
24562
27627
42761
33865
20830
81246
99871
30637
50222
34854
48304
67156
35848
1529
50529
15749
68425
88501
96761
49679
57216
66779
51844
10334
65608
14089
31083
9456
25238
73356
38024
40369
14061
26924
27773
31615
78401
72719
43109
14040
76759
2717
7485
88061
24059
26380
48942
71722
18986
52122
72030
82092
44224
38401
91012
52676
39640
52701
86964
17731
61855
31450
53803
707
60115
16826
53860
28536
18055
57440
12289
56064
33646
99051
41437
25654
35541
58750
1225
5841
63011
71448
69671
49881
68798
21065
18864
90143
39480
20443
66027
37506
66295
83830
96741
86291
40901
43651
37962
34692
95161
99350
92176
18322
51809
50235
30828
20159
3708
56535
85122
64055
93460
93305
65333
20947
22192
10331
86008
56983
76671
87868
73678
31017
27205
82816
86220
5273
15358
92843
78526
67447
20083
27019
7842
75110
63665
60667
83950
24008
94729
69436
34329
10687
64575
82995
72470
6870
95234
72297
28721
88072
22890
86020
27364
62206
88691
81566
71059
25240
40477
53922
24350
30469
3590
51715
71636
95536
76662
83960
61810
87095
9187
63272
41723
16812
21666
1736
23685
54407
36237
74167
28418
13533
95986
90127
94181
94480
64480
70890
45244
74098
13585
10416
68428
17735
27269
10469
55156
50649
71808
19130
28236
67029
8743
69297
87577
73631
55898
9106
77078
62005
33914
39816
96124
78372
71013
28293
53462
13464
77078
41067
88645
65942
39628
54812
66805
42533
38932
34141
86225
45569
27210
31791
24969
64387
67790
58521
92790
30858
84070
90483
47597
21295
25280
30356
81951
87106
16266
15186
84381
74752
21933
68664
32741
51945
23459
28488
82417
91467
73030
40488
70861
76614
66611
341
71764
82971
50119
41019
97102
60092
53409
9484
63380
83605
28571
49704
9567
73388
54314
10735
78547
76665
56593
28347
51343
96230
87120
86664
53942
3462
96059
52229
40249
13431
32918
87159
91484
15058
10575
90256
62323
43198
71347
85411
47108
51456
1148
75149
35669
94639
48040
3816
77604
58002
14866
29704
76314
76749
12133
88333
89650
73765
76973
40113
22716
6124
86744
34794
60201
51657
21721
92394
553
85689
60312
95690
22350
95072
22409
12916
34455
51679
11672
20948
35825
20795
45983
79055
38297
11167
6777
11213
86247
82950
82592
90983
40702
17383
29942
87156
82293
17761
25493
20617
27405
55099
37509
3312
44911
93881
1700
78733
7101
33349
46818
59980
7716
78062
78754
66273
32430
7737
98380
91680
72723
50924
98014
844
32734
79611
54137
35707
90541
32602
9866
34441
40228
44369
19709
9276
59179
3019
11225
3399
16229
86148
3505
48786
60607
26562
10730
76599
9077
41178
50600
89713
79202
15930
72025
92930
397
77057
14263
90654
71224
94906
10510
4034
21327
60219
53030
30027
79475
44834
43954
63349
45379
8856
66209
28954
12255
44549
22366
27458
89545
53557
5713
78837
30787
38547
87510
60769
80308
52940
27099
77141
14224
93143
37451
59532
66191
36531
67725
99902
96397
25391
96535
36220
83487
72165
64896
64480
93436
14525
16175
30274
6806
80167
51896
61061
66410
30701
56858
36250
41087
41583
94803
56436
88115
40786
26733
65355
36711
72728
57967
98568
8172
75975
77205
81420
34354
63309
11050
75455
35550
70995
80895
77291
71226
404
15514
6820
82678
9662
42378
82689
5334
25538
53449
72130
40267
36558
17075
19522
39404
97149
86634
3466
76999
19594
38698
45690
51117
55692
58716
96763
83211
73219
80644
53384
61281
13648
78403
19919
2721
77053
1710
12896
96594
17717
46559
21319
21941
49696
51534
77969
28637
55435
15093
67250
10401
62485
36158
93676
95727
3514
90530
61764
31849
2968
69083
72878
39282
40142
20158
27473
70041
22851
58227
32243
11338
68518
23641
50803
38386
30195
4164
3865
34848
23899
57985
20229
67571
10618
10044
63490
23415
61407
28753
10995
90309
87278
28573
41366
92100
46868
85414
94847
67357
54392
96453
6725
15930
97960
63722
78275
23939
44066
31677
41929
17768
47914
63013
97809
90716
11195
94048
47281
92171
29055
71313
25853
68443
46200
34340
42522
96884
98429
76135
65597
60454
50374
82473
56033
68600
52804
23884
38511
42121
33593
50101
17745
44646
5284
15724
92935
61413
19161
47996
96796
97213
20830
52831
87290
89715
65559
43630
49921
11788
32928
68899
26417
67034
39863
9337
71616
66422
88688
12801
54563
10734
2580
36442
62082
93471
94628
69296
33531
81946
88703
15767
53953
30458
60419
30666
59505
28792
94707
9875
63850
91691
62845
57180
97072
50556
6294
67475
59750
17280
77254
89271
33950
51961
26612
55344
60203
81195
48757
99322
84943
81665
89756
8195
6402
65002
451
95941
98636
74145
69273
21847
73131
28921
917
18637
45347
39092
16477
40106
9602
36843
38276
85754
89849
67462
88304
10749
26189
16951
73053
83595
77377
48324
49507
10988
68093
64582
67126
9584
86448
15647
58922
67821
41934
18976
11015
7394
26984
69168
74600
23651
86298
70539
96789
56905
87287
38471
37556
22556
2254
80283
8849
6896
58346
84433
18896
17628
84846
18060
29848
63362
89026
57170
40103
24737
21592
51250
84027
71333
50624
54616
1235
73135
48989
40528
65221
53109
14332
50896
76809
28284
83056
24364
21805
90776
70107
88608
64125
87291
64910
98885
95848
65913
40469
54180
93810
72356
87420
24751
38732
94371
67749
80420
37339
72608
93918
17671
50515
19019
78285
45414
71297
9728
65019
4220
15291
48341
52102
61914
83158
27750
34537
49575
29818
53786
51579
76341
28331
32424
531
88828
47685
63750
87625
21562
73256
30547
22485
18507
86268
17088
26870
92571
84299
44624
20650
29953
68763
64040
68403
39213
47224
3288
18544
91182
98537
27474
43551
95105
27003
32831
94651
8890
88088
62322
17239
86875
2729
268
34316
27222
89849
76106
94428
92878
37398
83305
97849
44961
1142
98447
60151
45517
67326
67608
45879
57771
40501
12448
6666
96316
20966
96767
87938
57133
