84206
84783
39129
15856
18588
37618
87723
42538
79045
21870
62296
60600
62600
43922
26749
77009
12764
74157
83423
62536
26467
86053
85672
41991
52385
56594
47454
14441
81363
22965
54985
79673
95381
41388
77800
87124
85338
47947
96975
16560
69908
78399
16799
45961
47816
64206
2832
61427
94124
85401
94104
16307
67425
27417
70073
52362
29365
58629
14032
54445
90458
18106
3810
22013
86940
78974
77869
5687
62194
31759
70359
75212
73308
14237
82168
56284
68374
99562
56722
98086
83409
42818
59037
10784
89078
77647
14442
42814
76910
49244
49447
51475
12278
67741
91360
57168
97133
66913
25568
61551
79337
57109
79788
52967
17428
68461
3147
18652
59700
90682
34596
32608
24766
29119
9949
90404
77068
13257
39761
17785
75302
13481
1277
88617
34305
44665
26860
49564
81689
61044
38579
63766
9343
75793
74049
53936
16900
70932
72167
46400
19363
98349
39021
91997
44322
11184
94057
67131
75500
6272
4483
38895
8899
2999
51947
11823
75354
31664
39644
60683
49074
55329
40353
93641
5564
3137
6247
83215
14310
50210
9913
48589
51711
39481
62648
72237
97943
4226
60876
86179
37817
16516
44474
68804
20142
56486
11793
51880
42709
70044
25350
49160
20743
58519
59426
82975
65504
22782
86241
3235
46706
66462
70890
64475
37493
48162
46900
50890
43985
60948
74041
16733
2680
8891
37949
40052
88558
45067
37130
71383
14246
33173
17109
95881
16390
95811
53734
17271
19200
16467
58091
15108
37093
69373
73988
22987
28494
61675
65664
24689
41048
85704
48120
67673
94846
95669
95419
48909
34762
42713
73317
36711
45562
25014
81739
54079
64210
35508
59932
63965
42599
18814
2495
64975
10946
81055
58052
27195
67158
31544
33987
72143
70731
73660
10432
28297
51048
3771
74632
74223
