69018
83816
55764
47211
47818
67504
3634
90797
76995
40845
10995
66186
253
8654
29697
30636
88652
6826
75938
20251
5463
12151
19027
70281
41850
13735
31653
46850
80158
26737
9638
73986
51022
73758
5216
73541
38157
6995
81999
22398
50370
95133
92104
71298
24211
52945
96324
62705
42636
48735
96747
31294
55160
84958
27897
69976
63204
10787
57265
96827
90677
91861
78976
63824
94313
32089
45417
7014
80886
15143
70779
49541
89136
9158
57754
33898
63096
57129
44067
77845
90489
57674
39009
19616
4933
26035
21847
42371
53955
13611
3740
45257
16131
55782
12705
59058
10157
12453
47233
88056
76246
63460
58280
96569
25976
21886
61681
48574
50557
32339
53408
51874
49458
28347
98666
54479
91429
33313
92442
90157
48191
2830
43946
72601
47390
22664
20261
93168
75906
96343
95572
85879
27197
79051
91497
85173
27072
40390
61340
16842
91156
67593
66473
30642
64255
52885
16613
4283
66958
43956
97401
22799
28001
74881
88504
64740
12300
36325
83317
7207
64007
88508
57455
95444
71552
68153
97299
9491
27355
91509
92220
375
98742
9579
14468
61372
48562
28759
59263
46048
44118
70404
94294
44132
71223
6171
72599
78691
26562
72518
95722
93657
96005
37366
75082
59444
39106
64664
28626
36203
90762
98508
67160
99221
59836
67438
70119
49015
51536
91686
24116
99880
65429
61402
99228
64958
24202
42239
67802
33338
69608
56220
28443
65274
21542
80412
83893
15268
33760
3686
35677
29631
95486
82741
665
55025
22005
42552
25121
37591
49309
73543
70323
88446
97960
88038
70540
40643
99546
11916
18883
25148
85486
3914
19508
48930
22370
14630
55642
66977
40656
20052
62101
1836
44233
90307
58225
79256
7242
83328
92569
16542
61500
85274
74253
21446
52956
54777
17491
33717
98873
66487
5629
68894
8731
90877
88944
4472
41347
91903
66456
82281
58302
71867
66193
87718
99475
43713
30626
6427
50349
64983
34409
52076
92708
24802
10062
5087
30469
35497
33954
1472
60572
43846
29657
63383
15251
43461
78723
68558
36443
39422
89908
14502
55701
89041
67077
45107
43705
18534
33274
72316
62307
94328
13873
43516
99026
9939
55255
76555
88988
34523
57108
8554
32551
57662
26237
82173
98201
56384
17700
23511
59746
5096
15080
49555
54483
46825
15908
79869
64688
45071
30503
17192
18666
39557
72923
4648
79539
36295
21256
63485
40063
72665
51127
64570
69997
11536
1101
89299
68866
35010
11554
91169
61465
27965
89627
77917
36029
64343
92055
95997
65717
35016
84900
14036
72914
85026
34693
70069
92828
60189
8971
68440
67942
98248
15874
86676
58125
38162
92266
79994
82535
62637
57732
51723
18932
33606
87850
91602
73606
28133
24295
70712
869
33104
31613
21765
94863
11044
30929
26532
98478
6561
89359
78376
74191
23153
20589
87183
59933
63486
56844
46412
89385
92780
85390
87577
90607
54546
3757
6130
89491
40676
37006
54561
35253
93782
77675
63450
34023
98656
54430
69298
23577
1879
8994
99122
47329
83848
62585
86147
88958
95868
82863
68350
10357
66459
20331
52185
95084
75672
69129
7503
37100
93936
21357
96513
30270
82864
26314
29546
7985
59427
36490
83480
54224
32049
20635
14845
57454
27425
50935
48973
7027
40241
26084
28974
38033
54482
74952
63905
15092
4640
96593
24175
8121
67892
31499
94057
53863
4192
26275
6109
15796
90229
49342
50393
52029
25329
38788
72530
75875
22634
15166
49009
47013
37271
71814
55536
62521
24730
63180
24845
26500
67285
47679
24028
64639
54074
5756
68299
15773
51296
46131
28020
76340
53025
33595
78898
95621
60237
20277
91449
19735
95920
38948
55146
60589
27518
21722
85103
22329
34443
40417
64709
52322
28033
25896
36340
96267
4099
12821
64063
27792
84056
73604
57209
91719
79655
50677
61755
47150
98457
69809
97631
21648
92455
18791
44413
90978
40597
5660
55273
80243
47507
68480
9648
41718
35310
94788
98764
2272
3207
22940
74984
89018
30360
39878
85877
35627
1618
60280
56967
43788
42758
70538
83342
24321
62179
47729
39577
70715
9334
18476
19905
24212
76735
5542
76104
74001
91951
21012
29293
98710
68792
4108
93610
96105
12765
68920
64717
66732
4864
22794
94128
14239
19897
39634
91550
185
70826
24015
71739
44391
8930
81831
89834
93220
51156
21074
89661
87639
50613
42395
23241
50547
73942
43262
86495
78523
157
51789
56139
67057
9571
26757
5772
20238
88531
8850
25403
96026
35970
84815
67933
16415
21123
31016
98599
28168
8297
35787
28889
34261
34181
61004
75207
28793
95971
92466
94302
58808
84412
45960
12493
5352
74937
41288
83720
23056
72129
30085
82698
2612
88051
64893
63723
23764
23342
26766
93165
47754
11470
86573
94196
57658
81184
61213
26054
92632
89955
40110
56895
37815
82055
99636
79288
25480
28962
93536
60427
75005
16878
5955
15357
49322
56415
80310
40801
33737
2872
92081
49643
49351
92058
16445
1672
97788
16199
52770
34881
96546
87269
7096
63442
4976
60919
1065
23418
59794
23231
71116
15330
35943
74600
45353
13897
23775
80347
37108
89582
66710
96011
74038
14016
34883
16798
89482
1939
19782
45266
38859
75992
22447
19119
68032
27509
73551
91809
52858
86385
67512
12703
49553
6196
14773
10654
44023
16904
16459
45109
65007
96808
43889
52235
30610
67859
61711
80067
30765
23995
67945
76293
9172
60872
36807
65079
97421
87159
40880
25160
71304
62518
98102
60496
44721
25470
35952
36852
90122
45505
90360
42971
76094
58138
60066
23353
42480
19062
18502
21168
91322
44068
44762
64473
57972
85159
72784
26626
40856
30049
73643
92695
10687
2200
79656
67670
90289
81622
30994
69369
94785
62840
75592
59251
48514
15753
81369
77667
49862
17555
26119
66614
38072
79457
14899
82689
27160
615
37352
25675
11209
43529
18107
34090
12601
40088
32272
28012
40158
5495
54972
11648
47696
58538
89022
83346
35163
20945
68019
39139
14312
96029
63488
97414
68760
7385
34211
16924
74343
12100
43432
28114
9822
89739
35386
48627
80269
48336
6430
7822
95903
81651
28021
62316
97650
58185
78904
44768
97379
21725
22084
51543
5547
35657
18490
41358
51901
8844
3744
86674
65898
99546
67017
92341
72699
5706
61690
71864
77857
14818
46374
50702
59218
4722
1846
48091
58124
57800
94506
74181
63630
75411
60231
67630
13262
56819
63826
90300
91726
37440
48736
90359
95040
64928
29305
42794
41700
28441
93580
77285
54792
46351
78489
7333
9352
60755
51224
81694
37838
83306
80735
89436
13213
86233
11482
63286
83945
34825
57909
42449
18116
13247
22626
75726
24887
4235
3824
68492
60728
45040
98227
2969
95078
96918
24681
90267
5555
33560
90506
44756
96324
75003
97774
6603
84936
67926
39965
76693
82694
40635
70734
69645
1547
41651
36056
35270
56529
4447
48565
46568
96922
67777
48657
3241
91612
20888
40755
53709
14516
36059
15123
95733
24496
97043
65703
76009
10818
31329
92671
72489
80034
6585
34758
9654
93034
57195
10872
26634
22092
65504
63106
90803
86851
34207
84013
25342
45499
51243
79792
98304
62808
66633
68090
2811
50210
71898
34133
43275
74775
96985
72206
30930
63731
17107
20785
83446
89066
92433
59132
18026
2805
47279
70747
25163
7701
32258
94803
11081
90373
2795
80535
921
14325
90468
31509
1820
68833
39835
76831
35344
96312
32733
34546
62046
75613
24452
38838
37484
21555
71773
87109
58625
72066
41553
25632
82331
73471
50333
33160
23501
41707
416
80759
69436
72728
45905
43072
79143
98812
43392
11353
71526
39217
16314
11791
44805
73382
89414
64040
11008
72769
30325
24292
73994
63511
68985
44884
27248
56159
52405
48088
98534
71137
32254
55654
22522
8883
75786
37569
79624
62236
36843
43670
99523
45250
22959
59918
91270
17432
47052
87494
28317
15283
57750
77394
86488
64075
1087
65730
5641
31960
78117
45724
21666
5771
27958
81206
94432
13304
83804
13385
39483
90406
20680
37799
56474
92836
37995
31533
35764
82666
97412
92162
16062
76911
67109
9353
60666
32065
7194
27632
17565
52452
67878
74587
29593
52509
61903
22573
64781
73593
15848
24012
44220
54401
1077
10429
54981
80754
94437
73630
49023
95312
21252
53743
45523
30653
88705
43336
73700
40222
26441
79415
15932
40789
12960
35831
36885
47359
81408
47464
13336
76884
66350
94546
11531
20640
74368
50552
94152
36831
35590
50341
77363
94737
20759
66551
99899
9637
88940
91746
10785
43789
64728
11397
30051
12893
30597
