65893
51893
2477
14011
9982
5957
93460
39829
59521
14348
27701
43198
36853
34670
44479
18889
70785
49948
76569
74703
94444
2328
92178
62824
22942
56148
73935
53385
28090
68231
95552
10993
96206
22325
2200
53026
2062
66677
74152
39697
57103
79029
54937
70216
93285
71676
55015
36801
25248
40747
99885
18873
92982
58485
77610
83443
24785
5068
54847
94545
75984
37375
72816
24466
92775
96138
5001
2641
22502
60002
56943
34224
41780
65311
15135
69713
2103
23796
6810
9389
98926
86855
15327
81954
54669
24729
6905
45410
68703
11645
63588
20031
28100
33881
84640
78263
91759
66690
13970
84403
57524
98175
74700
98129
96969
13428
43680
30272
95788
90681
78531
66639
69037
2638
17683
56291
29984
60878
9957
94340
78891
88894
94340
16184
43788
60263
42956
59999
49152
92428
576
47409
10365
43695
2605
78416
51926
21311
30104
36016
25622
71876
65208
48352
61196
91821
43214
61820
16549
65345
58630
37247
7069
9917
71656
93061
84448
85385
78847
84339
4163
1675
57108
24654
67784
42234
63725
28852
51372
5615
76772
79210
34438
55978
90052
94862
25301
64773
34596
14928
38134
20537
84831
89516
14617
81436
21641
9532
98789
46121
66855
96218
67597
22417
74115
14375
91564
80544
59573
69434
50123
87764
82581
97855
54380
34799
41270
62759
36408
80792
30862
22291
48663
63276
23575
46877
79697
42332
68150
23379
33074
74010
74306
99063
35231
37087
42848
86399
35016
69365
25679
70867
32721
4979
51643
38287
29650
42526
33882
65616
20612
15390
82342
99726
61211
80201
81047
82376
29386
87176
53978
66391
66383
46924
35620
8019
26196
62347
82703
13496
84486
51341
12155
64032
58061
46315
26981
42774
64264
19879
96539
39705
5923
52580
90606
16040
2018
28185
27676
68348
96805
14766
87050
44465
70860
65723
51630
28170
46354
53880
93660
27720
25854
33923
89259
74462
29020
13697
49221
62114
94810
3272
83335
34725
98148
2158
73407
61873
89483
79738
16193
23391
3244
1664
11615
62699
96970
55915
13899
57760
76676
36169
33726
1761
36042
47284
77966
81811
87086
7957
40282
93233
88195
38974
10630
29522
81770
41991
54616
43550
38175
93422
24706
84337
65297
727
4433
75497
83755
94320
54035
16416
86623
57285
21375
55291
99516
27229
5530
4331
31987
39864
12066
41782
64405
22269
18859
72813
45823
85301
79170
1927
87833
9262
24760
3224
26984
64648
95973
61657
94083
60727
18007
98376
72526
68671
62993
86310
49790
23103
86053
8343
66322
66164
152
9736
44256
61615
59356
48907
34775
72949
53012
56238
57372
69152
74404
69272
16886
94483
16597
24478
74905
14553
65464
50703
20958
29930
5313
27499
35930
30701
26051
42709
65186
50611
22486
7989
22149
67806
6163
68429
24405
90723
8029
72944
23885
62266
36262
55853
30272
13196
67757
16851
42509
96507
94048
76513
97124
38604
12863
27561
14058
50183
55020
98302
70800
50008
63074
93955
63820
68131
92853
84044
22683
11619
91998
59579
26650
95473
20595
92464
36225
64184
18184
91361
92773
55248
88715
63199
58228
84966
70403
57574
63857
68976
81003
92486
12143
25235
80669
34163
29102
45533
74340
31175
95647
63132
83523
83600
96130
88741
53367
61700
9774
34821
25080
75381
36418
99046
96046
35648
91863
31802
10368
42334
30072
69692
71154
78581
49578
77290
42470
91856
19671
2773
13703
93732
18284
19534
31982
16233
7979
95551
69316
21226
89023
4987
80310
71173
59265
72439
23567
34470
79380
19195
65311
16708
89017
63033
57309
80341
44481
8321
82804
39588
51803
51584
93995
94828
50408
19167
22461
1319
62046
48304
30015
50752
57278
20607
81590
80983
7485
57898
64063
19215
84274
94313
45341
6977
40079
45704
66547
51424
53871
7663
86827
96822
54130
26837
55063
12508
37539
6720
65702
49167
86381
28736
66944
24001
50178
92183
28684
57140
97856
2485
44898
96601
65560
66192
40566
37186
22217
83321
76762
59863
50038
62870
99208
92528
90389
25700
55365
20466
36781
521
13042
55395
66231
63322
49550
5688
87821
18333
44591
77154
53016
69511
2329
73731
16153
85520
48536
60491
55472
18324
97224
97544
65172
95755
57824
52780
7180
71794
58786
53772
67703
84819
96352
44784
