37932
15363
46818
28073
46534
45239
92961
4071
67888
13645
40256
52257
93640
4583
23501
5636
69653
27956
64111
31579
10932
72041
18164
48104
19627
50139
29429
13368
90025
72722
6886
82204
12671
89739
1032
26017
96090
64281
36173
67870
9087
58413
66949
93335
9162
34738
66499
59465
63330
3140
20926
39185
86461
71162
193
6497
19244
88592
99051
89049
42970
12091
93307
88952
81555
54081
36502
174
72553
21595
29990
31397
98424
95459
35430
76918
56868
47867
62890
64991
14797
47371
60004
52953
34350
54227
48091
31535
81326
66240
99616
46959
26517
35443
28096
48724
28635
39385
66280
23455
43881
57242
41392
80712
41683
70658
17230
15395
18710
81920
62085
83155
94005
17993
18732
90190
36928
67924
98145
16864
26573
83251
92135
65773
66399
56316
1763
49203
81078
79763
8164
8368
3873
81987
70338
87381
22358
27951
20480
68593
87860
72532
41612
12777
9774
54425
54520
37537
49686
22667
11468
10433
2273
94938
92630
29459
7
57076
27904
12866
6920
26603
21509
22741
73052
19586
39703
2324
5655
79750
32986
15742
75837
51558
3311
40646
20046
4815
94124
79190
14646
47378
76436
20848
98805
94666
27701
11755
96021
99950
51899
59592
37822
87731
69048
30445
24538
74075
10226
74668
67500
2350
90284
52453
44635
70607
94523
16625
67138
77706
7956
50123
98748
69274
36134
48713
91141
21762
15092
85639
99033
63062
84600
94253
16821
91568
3702
57113
34933
22050
20445
95586
48541
56338
68717
12690
63856
49578
54284
53745
37995
18688
9404
14312
57225
18652
40790
42986
5356
94428
69259
57800
99184
1470
61023
19312
71084
76293
80406
80870
60197
29954
51643
67152
33152
32006
3495
15738
92833
50194
84514
53304
49447
12066
79148
67957
21983
58675
25225
82317
10123
67647
31933
28116
26786
33197
24040
72425
9666
4000
92914
48047
36526
96363
17787
96184
53436
19759
31763
38182
87766
74538
46209
54963
58461
7518
14476
67705
14979
40152
11290
81406
33227
16096
27690
74122
71954
50269
33070
89034
46259
99863
35626
13910
6233
19271
80470
13096
18231
5524
60668
10877
33844
88588
80633
11844
97393
71751
3601
83871
86601
81331
35304
22341
3060
42057
44515
60483
29236
54750
97769
89966
46948
16291
90397
8380
68626
88373
88853
15741
67112
91162
60425
40918
2378
70752
55509
90631
34246
65167
24975
78662
79046
72679
505
10953
15130
8324
39368
73469
67239
19777
36726
94034
2967
22092
38357
26757
55886
2353
44606
38262
49395
39880
82383
58617
32929
85405
36212
96662
57921
43520
71610
9401
14701
6667
54481
58158
23563
96116
68755
80428
23259
75594
61147
55630
28448
16631
96726
45441
33949
11168
91848
44937
28142
46635
2092
89473
40438
81421
81956
24033
88471
84576
389
56747
9517
32559
91619
86309
57608
87984
44287
14253
22913
20590
83554
27323
83179
68991
80631
62655
28380
83333
32092
49030
9165
33552
87370
51146
47351
15709
66991
30688
12358
39774
6386
77917
11396
36191
80540
60543
63141
75727
13253
82863
24761
57329
51473
47460
20357
82132
89924
64170
75256
98206
64182
56636
95029
70327
91368
75429
40753
1750
26790
38525
42702
10887
22183
84915
63560
44765
16549
45124
69167
93293
64185
3669
89942
53592
6122
52762
59341
82053
20993
14024
97044
63274
49239
35530
64056
19643
70636
55220
54492
83131
29243
58488
4538
51679
42183
47747
92938
56625
99066
84798
79325
74700
57419
63049
