99878
73835
68919
12093
83491
66540
70967
39745
44255
10023
78257
82685
53952
58453
29186
25761
12732
2679
46751
98118
42418
91194
40984
41246
66017
2696
96873
80787
84904
93138
85434
3168
24581
34807
21644
21830
57564
62709
7112
54642
27622
44435
37630
24024
93468
93674
26179
34369
81980
54658
90488
77553
91092
95122
80894
66633
10768
58672
79072
274
36775
44020
81064
16007
36474
98152
89116
99139
88419
33224
75961
75897
58313
2906
52501
34404
92679
2860
65207
85074
8592
92190
73146
93267
32936
67938
6155
91330
97837
63101
85503
4580
30290
80115
96269
6404
83480
16426
36708
51266
44862
86473
34039
21307
21838
95332
8374
62095
49653
73228
86914
76202
88173
37305
19063
89446
74240
7238
19807
3962
74585
64707
73437
4708
40563
13213
62656
91571
511
64364
49114
67950
38074
49521
20576
28477
95596
31553
37242
53508
10519
70465
55105
36068
39693
78799
77803
38124
51605
87939
90072
97390
69768
34861
55668
83285
31830
70343
20591
31262
88472
84298
48409
68394
3733
41648
28705
79919
34139
23010
41905
56420
57843
68512
34191
4324
96991
30142
54723
98665
26571
48320
34041
6302
91295
81741
37332
10290
58332
36056
9139
21617
18260
56564
37123
73237
9148
72886
1651
53150
79420
9410
45286
48193
24009
4351
91630
38310
25276
12387
66538
2231
5246
1049
26369
69818
48978
89494
77721
83777
90191
19711
81010
14008
59776
94911
66299
1533
85384
67553
53922
95789
96048
10379
64752
89001
29597
57792
25366
44395
62637
62081
21888
61255
82936
69226
32965
19081
2287
82394
77101
95595
64290
47763
42495
58892
35920
66911
28567
92714
84393
12786
17500
25656
31544
2128
11422
49
46761
56251
16272
34332
86541
64177
26907
3917
13770
47411
69684
89860
33106
14003
88526
22110
60150
81041
18408
74652
1601
39374
76205
53571
61144
32078
13033
55867
1593
19112
14490
66798
87611
4546
5592
6600
5339
9941
15786
33610
5337
87665
86015
60145
43485
81331
54658
39933
813
57042
42032
41452
47739
48750
64207
30224
80747
83816
46029
44934
298
80688
70538
67186
17588
39671
97381
52755
74771
79863
6340
13420
38307
10581
73779
12744
78393
63999
69581
66637
78716
57207
70056
20077
30270
96548
18352
5090
50590
84811
28041
71863
35434
42776
17857
24853
93847
10589
85948
88777
39468
51570
80576
75594
11061
41323
814
22884
73476
88393
65617
26481
6573
99216
22518
95787
24148
69740
28267
18863
77459
58834
22867
36248
88703
74521
35755
87360
28631
83015
8294
11416
99458
32733
90258
56014
9326
70656
69671
70804
27804
16829
25145
41137
93254
54265
47746
47161
2350
86172
65495
17483
49674
10156
17732
83375
987
59951
68883
29415
77655
69198
21560
79542
1668
18976
87474
53671
796
40987
1302
79356
1634
61714
17414
45404
44662
89354
12299
39946
39878
64976
26560
24109
44213
22078
19488
54312
82601
24638
76545
81095
53481
82711
5460
20491
56430
76791
80202
15135
54766
57396
43753
76602
39155
24701
60361
27941
89613
34574
15911
45904
42768
21980
1036
36090
58845
80468
75800
61013
48550
87360
7017
81066
63900
18234
89729
61414
78981
51445
12878
44029
86760
23672
5856
83412
16247
60853
7430
96980
30716
75389
31427
86661
2089
90117
64612
46942
69254
22295
21339
86413
78777
36755
96861
54810
75306
56337
6563
85623
55973
99890
71960
35502
28157
3350
15920
26059
13235
67804
59383
71055
20251
69924
69751
2553
72947
64835
97156
93315
11175
9168
48974
9524
3425
32990
95245
17845
1083
93270
68057
13939
36970
48672
16495
35701
20825
5744
5421
73821
12639
99915
1121
94724
61045
91248
69783
46474
78493
74509
25785
26972
87514
25865
5961
55538
13083
34414
13257
3946
14976
95743
68650
11042
50957
76847
33686
26244
36746
96983
17694
1576
21934
7439
63499
79287
32355
94661
13362
2724
38922
75849
92933
11755
485
3874
15138
70917
94046
49221
98222
18372
