10341
65889
91239
83428
44480
84317
93331
67438
29905
74123
9752
2685
90698
36001
6979
93535
51503
50375
4148
9794
48752
39197
98735
87566
35659
65289
17410
43340
45788
90743
86209
29146
95664
16817
56400
46548
787
31724
92876
80322
51367
99880
30416
8861
44180
36399
29836
97637
95194
24027
20802
84535
63946
46194
1036
21405
5128
29494
72638
44879
25435
11671
35434
11331
64450
77047
24524
45780
37203
30345
74647
22609
72980
11997
17466
17168
60105
93247
69588
41650
59592
27788
48887
6043
81933
78128
64607
25577
30782
79539
62784
29716
4840
52190
72656
14621
15029
22933
92030
20902
17839
72233
69990
11572
87739
78845
93849
71306
51628
95111
63923
47407
86519
49105
44481
5341
38012
36392
12147
77259
51564
33767
84042
40620
21187
40099
97145
75844
50902
25304
27608
16862
93147
47441
84194
26506
75286
80094
83524
99855
50492
77412
16489
23004
12475
92604
44967
92110
94884
57149
25895
28199
35691
22647
45773
6855
24440
64947
62852
58765
66004
51123
96537
87008
88300
73813
73933
90074
93413
64616
42020
75757
1663
8460
80587
400
66389
94250
5850
70415
43537
53617
37572
98564
84656
59184
13568
16156
84474
76563
74601
4184
54952
90147
10002
21301
16569
51761
49710
74657
94565
33399
12007
782
82958
486
67862
98013
92380
60507
62571
79426
29118
83350
43322
95784
62232
34326
77318
11697
23203
8594
9282
5037
48301
6586
99408
99548
17701
44054
3294
33700
67345
47456
3864
15004
49670
45684
81996
8318
97504
32497
17330
59138
1820
40529
43652
58404
48477
37380
44279
14069
71707
27038
62037
6490
72799
15767
15698
69617
21300
80606
60168
58057
3017
60737
1241
31271
4199
77243
77394
10447
24513
75164
50893
41099
92755
73245
8377
24929
18738
1416
57139
68248
52364
3780
17461
31038
36637
85788
53669
50663
35206
88256
56963
57346
87011
78036
91628
94681
90684
55379
42882
7783
49603
91428
59416
64128
14834
25783
66557
27672
47654
73680
37080
15571
85979
15129
45784
28602
39709
64184
1290
61351
58874
45556
43905
66289
15427
37904
21920
67052
14626
78374
10395
90560
5176
61352
16258
15039
88649
5907
21443
11603
38161
11005
51853
90706
23910
65351
24066
51627
8860
29583
14015
73076
21749
62554
12253
76063
36536
20558
78986
36397
87522
18612
88668
23459
27587
6297
58799
94366
93345
77148
90415
78195
75493
219
8836
43626
