27963
84729
20640
85268
9445
2716
10617
36320
81646
77191
1718
78340
87315
42773
42640
51557
38042
45458
62281
35389
75018
27371
39837
25180
92337
324
65913
65834
84887
42619
42289
89314
11088
66902
22750
5436
67091
23369
80325
50928
53513
22266
97285
10435
78394
82388
13436
84970
80777
38122
35514
98221
78157
66636
5904
99240
38033
28907
52436
41187
48865
53537
92679
90138
18997
30713
45930
45410
63429
25137
14009
33421
47802
61403
28017
70779
46551
83043
22344
79130
37924
37340
89536
74236
2386
92026
90023
44798
12916
47091
39225
82757
5801
65189
71268
26109
98743
7524
83251
27711
79468
28575
96997
69128
22458
52663
36185
97251
4073
28124
5969
73253
77007
30709
79447
88361
33906
66858
40774
19024
36919
9612
8228
65215
15085
85183
62204
39939
34637
16582
32921
55475
28697
22209
60487
82398
32277
61935
26054
41182
6109
20970
66926
22944
48561
22664
30761
25869
88717
65438
94457
36912
25701
86114
71794
84542
29405
62218
60619
37654
45998
79172
35095
28171
57972
4821
71484
30454
32910
33347
6950
39325
57794
83401
70034
50299
96379
61135
88730
60608
25996
27847
77521
77624
7156
44060
28241
42507
14377
97122
81313
51193
9909
57785
33694
82326
73385
52738
47746
22237
9866
84674
61324
10827
46383
79260
63502
19000
92772
89210
92652
8216
86475
39728
34017
15840
62911
56643
42421
56129
93173
78886
92453
26006
8973
20273
63224
57251
91153
12113
97725
62252
32519
27752
37822
79204
98373
62943
25123
34414
98822
21795
75191
4351
55820
37066
78031
78106
94834
35691
51290
92161
16151
45696
74258
33651
4062
29009
60588
85755
13487
16213
85503
19420
33107
13884
69348
19309
61638
52939
33468
68690
49633
47273
86694
7911
53013
35979
71131
24178
16536
89585
94468
26554
55484
70975
2696
9391
32077
55052
1905
9878
29481
27701
20741
20923
10740
4251
16133
29311
12558
30361
64073
10854
64587
54165
44507
29252
43724
87500
24803
53375
69876
6163
69811
28934
24787
74412
58170
14793
28696
17300
64327
21603
40981
5926
73616
71053
60401
65326
33799
27663
88141
62481
10633
41914
82599
82789
7290
83421
78698
57362
27898
35923
66464
60631
13975
72076
23748
57997
59214
25325
76131
46656
12853
28589
13471
99202
14761
95056
26953
89279
66427
75076
43160
51270
31192
34949
22369
1922
74337
68367
57128
30784
99071
69303
54166
48476
7983
66371
7755
67062
21181
42955
75884
75186
12147
44886
51950
62099
80210
7986
84140
39389
64624
21492
32278
6927
19336
80212
67634
10460
9886
68171
15036
42257
64220
59601
8605
43374
7791
19304
82527
76311
39938
33746
46494
50279
63353
6663
1808
97725
61340
8546
38592
20458
28586
78056
17176
46421
383
35226
77428
64074
92442
81269
38654
30327
58932
27852
49670
80101
99855
19925
23742
857
552
90456
46300
73808
65916
12924
74711
25011
19806
97941
58831
74213
76171
14090
98686
17017
52575
99884
21330
26878
89090
73668
2797
17382
55920
41391
83015
62442
81698
48319
21665
32257
10987
20133
21187
66288
4390
91239
99473
70998
27490
23722
29271
99724
35956
79064
73914
44822
53271
16541
39722
48081
54812
57178
34251
14436
17469
70197
66565
96103
67472
10083
50778
99545
60794
56717
77344
56039
60264
88460
97940
88119
31438
48636
29224
98811
65314
49569
18375
8310
50134
95118
29038
63652
56804
92627
141
50914
72872
68247
2021
46619
18531
95798
64409
55273
4798
98634
79017
93345
48770
86447
85867
96489
43804
44473
36904
46451
93471
1291
93116
36864
57327
63196
52024
22980
23792
18086
21319
29440
20876
79856
51362
22265
98994
65497
14359
86539
71796
71394
71264
89614
80706
42790
98795
51185
56787
10913
58432
86196
89578
5982
76852
34309
76702
41114
72987
40532
20347
2093
10739
5618
57122
71030
78349
81969
56311
58143
95535
51027
98244
15190
27705
81537
49247
56530
42934
34535
82579
19372
81836
50575
55777
53433
23087
27446
43992
42069
18052
72514
46205
21875
36835
92820
26585
85810
15030
68216
26830
26100
15575
38040
86950
97495
23283
20251
41765
58885
71039
73401
18300
81856
56059
6509
45264
98447
42249
39590
3
97209
60415
18532
60578
66570
11903
91970
1017
27624
53244
64963
66364
94604
89476
54537
90765
50660
32010
85496
76647
28970
83291
81465
35944
44800
94961
25719
5359
32813
8815
89102
86804
5736
30594
48253
31476
65450
5476
46328
81388
65630
61124
80551
5756
46238
59230
36166
21274
34510
49725
24777
65103
34518
53172
26515
97318
7923
6324
80138
45571
82276
93445
12924
68920
10000
51689
53060
10021
41144
82708
21280
25327
66068
24600
55606
31448
30402
38443
83299
82489
23946
41850
17526
97994
97609
78349
22727
93983
68072
45855
62320
30665
28512
20103
15120
79522
95600
99630
22720
29762
87861
67748
9117
99565
48604
13906
95960
91043
97791
81972
22071
29539
21536
16139
64256
57638
85387
56548
47953
12198
88068
96188
30850
98727
56097
48193
40403
91619
16475
88434
47037
30994
74609
32120
58823
57372
67679
75082
30556
23877
59859
80551
90410
52361
95119
20434
729
54635
25784
86439
86007
22858
90561
70894
80753
4232
24486
79684
72675
14249
45010
80459
42517
10072
73425
8105
30861
41006
18858
46475
94355
16581
73300
80417
49076
84393
40399
65421
37110
89675
48242
93506
93948
96440
76867
43477
38908
86109
64978
91243
58562
13673
47130
21655
4026
93729
12590
27116
76956
9146
70176
250
36253
83649
49516
27945
17693
36265
68543
72381
22130
40363
49439
80937
94365
42939
70825
1384
84454
60809
2697
91358
55947
59562
82394
1822
81449
38392
54856
83080
44884
89339
18484
8887
51987
73004
89091
39271
35789
54487
18781
45946
32245
73029
84008
5492
92662
76814
87640
25006
94203
40370
3556
2471
7509
96191
29099
39862
81355
54500
669
20815
8252
55440
70804
36688
42046
96567
41265
94925
48825
5147
96000
71850
85799
79546
80260
78390
19347
6926
27732
91683
13048
75483
46237
68107
39252
38631
34375
94032
93651
55816
16389
49407
21285
30052
50665
56283
94580
85818
88402
59458
19235
82597
33345
39686
82179
39149
80911
91184
97312
51481
95581
4707
49375
23562
19159
84999
84047
93939
89280
97198
43245
33748
87512
80596
98615
11971
29462
90127
93313
72367
55469
26071
62458
43147
79815
90658
65979
5247
8797
66640
34121
77973
43580
47328
95473
41805
42452
60223
30162
7349
28902
17092
66709
56664
96899
92146
20060
28622
82797
77013
50450
93519
44504
86244
7976
63753
12861
90338
16161
17245
57605
34618
39294
68121
40879
61753
72941
5265
14930
93323
94800
33466
57455
41562
13932
94205
27992
16230
60413
13506
71828
63568
64590
22841
94091
24365
85347
25716
75982
26414
60212
37353
7587
32949
66594
7815
67230
53156
3104
49913
86065
83438
22633
32455
98376
88827
74788
66609
93037
52808
44228
8636
49617
20762
3633
25727
63830
37361
35240
23363
41327
31450
13304
12411
66292
33314
81311
2054
31843
18680
2416
40708
52956
61436
9337
91231
69421
42732
30791
19018
86312
8002
25601
91984
92480
85409
12693
39964
43814
79322
45472
97746
97288
30637
42458
60698
34281
92123
52545
14892
17225
1437
2879
64660
82305
47040
50128
69656
82768
13003
31757
20804
62343
57480
92959
29917
56329
26673
47008
81302
89098
31134
12042
95333
61099
14545
55702
83752
95853
26397
70494
34372
48032
69517
97442
48898
57389
30957
13297
71725
70109
20496
97464
89877
39134
34834
98844
54643
58025
37570
29846
74017
79172
95109
25167
51696
16436
36883
16229
3188
34767
14641
88739
62475
84916
19989
10423
3736
50030
82007
38744
41759
32752
7456
44313
42007
26381
44953
14696
66650
81724
51474
35423
6477
2436
14607
80315
202
76012
37245
81560
22508
74967
22727
91530
30057
43373
7907
92911
90739
17573
79252
61515
85598
16715
72768
36986
65137
78703
2412
10642
62148
10222
83619
96804
11713
65670
18673
14241
5711
69176
88871
67704
13927
46300
54773
86065
36791
37590
311
43177
15793
24853
69125
60335
16790
12825
32214
65107
18702
73858
94842
60278
85508
81309
97603
38821
72978
28508
91662
66027
23258
54509
71397
38318
30179
75242
29020
19785
16109
49292
55234
52088
47164
91170
47559
31147
27784
81818
3723
44905
57945
15971
71314
70458
6709
69109
96894
35978
54322
62911
67867
63107
81752
57424
68608
18864
41341
621
78713
22650
25145
21590
25703
73514
58573
62263
67116
85641
86120
4433
17626
45868
83230
63751
55714
36072
23774
90433
41331
95364
56150
37639
51151
32313
92665
32761
91197
35775
96648
14336
77977
74431
59672
77832
88747
19741
97255
7281
69115
74794
55623
56513
51914
42410
14363
83720
85128
19840
90213
36124
88630
64562
95796
27722
59572
35902
83721
52388
24513
80609
11306
27084
92699
96990
94048
65446
99396
81876
77030
40756
40763
37406
42593
9098
92484
90527
89907
28431
73213
57090
67467
27408
60887
64557
13083
48937
95016
32597
57592
17797
1318
99215
78312
59081
56404
71570
46157
24788
69688
75262
96369
69577
97282
73629
66993
53529
18400
29458
91496
39692
98583
85548
2346
97236
36084
47653
894
17276
37824
63617
75584
97698
99541
5887
5267
55784
71138
81074
67344
82994
72671
9887
81457
64958
89037
43509
58647
51540
12146
8346
93156
76790
18183
120
29470
96636
64588
80375
60736
33422
66419
63717
66333
90624
65031
22531
76199
28613
33341
77357
57367
72822
71410
85794
54265
59417
33669
90518
78426
10360
94874
37896
35615
69710
5671
32679
98716
26062
10661
51383
83306
92220
1938
97219
59495
12524
59311
42818
38369
20677
84733
73507
4330
76505
72987
13489
25610
68745
73217
90088
64442
82805
86666
67037
25626
97364
14796
56848
27651
91737
18958
4385
54061
17151
77861
19050
44436
9359
32332
21351
14099
97493
88186
61130
49626
94595
7509
59355
13227
38979
56256
23149
3239
92383
91782
84585
60281
90805
67775
17789
78981
87002
6035
96040
83781
19800
34635
60776
53925
94705
20228
87820
37578
62710
28608
52637
77882
39810
32109
16058
84832
18376
45019
74663
25984
83386
8917
45895
76323
61459
68675
86983
62989
98666
76853
78876
64133
84338
39311
41638
72825
12345
68069
86164
16686
98832
38819
48529
31897
55887
59948
97961
26189
54383
47527
57156
29659
95991
66453
24529
24472
54340
41789
42021
64975
38354
66280
9193
48246
76984
30165
4585
71784
23873
77612
38732
19808
32941
50431
29680
52584
61423
14226
61534
34180
15613
74719
59261
23251
66353
82715
88913
68730
26276
95019
71384
97700
98849
5593
79978
56269
80485
86331
77312
65926
21284
80061
35441
87647
27418
69727
74626
43913
18726
7178
50758
34864
38814
22583
19244
98944
51710
51221
3998
10707
49134
8248
4231
78828
35446
13988
78816
5940
53586
22431
58293
98546
64579
33817
47939
70046
95667
78541
1844
62850
27665
44084
67544
26549
846
79280
23544
28313
80474
50943
57917
38932
38036
46728
65182
33363
72297
15078
70793
68155
15503
8199
27817
49794
44358
47231
68764
87800
42839
60132
37046
34299
44512
52267
67138
47860
15650
57277
30310
83512
27332
81552
13651
3172
4589
99450
54108
21096
33758
78401
6416
47530
55396
13117
84023
70375
69418
26361
75502
19476
31551
50070
5455
91047
25793
35103
78530
70798
56221
50474
17932
83467
13343
23680
85683
13746
35104
42530
50908
89042
738
85920
54515
87971
66840
76036
3937
40234
79353
47724
19950
13225
72612
12111
49096
38698
97138
51021
49869
18815
1584
16335
58576
65065
31034
24167
41664
65844
93817
27582
45304
48883
92047
23531
60157
3240
7300
